[{"p":{"Left Leg":[0,0.032128751277923587,0,1,0,0,0,1,0,0,0,1],"Right Arm":[-1.0337694789086527e-7,-0.005038141272962093,5.960457372111705e-8,0.9999499320983887,-0.006432292051613331,0.007666417863219976,0.006409218534827232,0.9999748468399048,0.0030302132945507766,-0.007685718592256308,-0.0029809207189828159,0.999966025352478],"Left Arm":[1.6158418247869123e-7,-0.011254902929067612,1.192091474422341e-7,0.9999187588691711,0.0016824606573209167,-0.012634212151169777,-0.0016208946472033859,0.9999867677688599,0.004881092347204685,0.012642258778214455,-0.00486021488904953,0.9999082684516907],"Torso":[0,0,-0.03468500077724457,1,0,0,0,1,0,0,0,1],"Right Leg":[0,0.025901734828948976,0,1,0,0,0,1,0,0,0,1],"Head":[1.2555979367334658e-8,-8.149067531881826e-10,-3.576278118089249e-7,0.9999997615814209,-0.0006652353913523257,1.79165908775758e-8,0.00066523248096928,0.9999954700469971,0.00293538486585021,-0.000001970824996533338,-0.002935384400188923,0.9999957084655762]},"t":0.0015084999999999127},{"p":{"Left Leg":[-6.0315157313084459e-9,0.03179652988910675,5.402806735332888e-8,1,-0,0,0,1,0,-0,0,1],"Right Arm":[-5.829958737990637e-8,-0.005722671747207642,-4.2851993953263448e-8,0.9999394416809082,-0.006953487638384104,0.00853035133332014,0.006931647192686796,0.9999726414680481,0.0025869759265333416,-0.00854810792952776,-0.002527684671804309,0.9999602437019348],"Left Arm":[1.780092873104877e-7,-0.013734939508140087,2.9765441666995686e-8,0.9998965859413147,0.0022521724458783867,-0.01420207042247057,-0.0021856215316802265,0.9999865889549255,0.004698764532804489,0.014212463982403279,-0.004667231813073158,0.9998880624771118],"Torso":[0,-7.564891638459081e-13,-0.034326352179050449,1,-0,0,0,1,0,-0,0,1],"Right Leg":[1.6112695622183538e-9,0.02563394606113434,-8.011820096243127e-10,1,0,0,0,1,0,0,0,1],"Head":[-1.9483261226582728e-8,-6.403992891534926e-10,-2.6788637796926198e-7,0.9999995231628418,-0.0010000586044043303,-3.8061830309743529e-7,0.0010000569745898247,0.9999970197677612,0.0022289634216576816,-0.0000018455125427863096,-0.002228962490335107,0.9999974966049194]},"t":0.014005799999722513},{"p":{"Left Leg":[-3.278367799453008e-8,0.031354907900094989,2.936639589279366e-7,1,-0,0,0,1,0,-0,0,1],"Right Arm":[-2.632745399466785e-8,-0.00663278391584754,-1.734880186177179e-7,0.9999238848686218,-0.007645662873983383,0.009679059498012066,0.007626655511558056,0.9999688863754273,0.001998495776206255,-0.00969404261559248,-0.0019245006842538715,0.9999511241912842],"Left Arm":[1.9984541665962753e-7,-0.017032049596309663,-8.914667404269494e-8,0.9998628497123718,0.0030090727377682926,-0.016286414116621019,-0.0029368328396230938,0.9999857544898987,0.004457810427993536,0.016299594193696977,-0.004409369546920061,0.9998574256896973],"Torso":[0,-4.111818524554778e-12,-0.033849555999040607,1,-0,0,0,1,0,-0,0,1],"Right Leg":[8.757888636523603e-9,0.02527794800698757,-4.354742344503393e-9,1,0,0,0,1,0,0,0,1],"Head":[-6.207825720139226e-8,-4.0841460768881179e-10,-1.4857857877359494e-7,0.9999989867210388,-0.001445216010324657,-5.722098421756527e-7,0.0014452155446633697,0.999998152256012,0.0012897327542304993,-0.0000012636286328415736,-0.001289732288569212,0.9999991655349731]},"t":0.026511899999604794},{"p":{"Left Leg":[-5.4148447503621358e-8,0.031134676188230516,4.850415962209809e-7,1,-0,0,0,1,0,-0,0,1],"Right Arm":[-2.2352624640120667e-8,-0.007086729630827904,-2.362554596402333e-7,0.9999154806137085,-0.007990567944943905,0.010252040810883046,0.007973487488925457,0.9999667406082153,0.0017053147312253714,-0.010265330784022808,-0.0016234023496508599,0.9999459981918335],"Left Arm":[2.1073627465284518e-7,-0.01867649517953396,-1.4845454643364065e-7,0.9998441934585571,0.003386368276551366,-0.01732596382498741,-0.0033116790000349285,0.9999850988388062,0.0043382542207837109,0.017340395599603654,-0.0042802076786756519,0.999840497970581],"Torso":[0,-6.791445444215283e-12,-0.03361176699399948,1,-0,0,0,1,0,-0,0,1],"Right Leg":[1.4465308950661893e-8,0.025100400671362878,-7.192680673284713e-9,1,0,0,0,1,0,0,0,1],"Head":[-8.332268208732785e-8,-2.927186271151072e-10,-8.907340287578336e-8,0.9999986290931702,-0.0016672498313710094,-5.48864591110032e-7,0.0016672498313710094,0.9999982714653015,0.0008212579414248467,-8.215203024519724e-7,-0.000821257708594203,0.9999996423721314]},"t":0.03663039999992179},{"p":{"Left Leg":[-0.036993350833654407,0.046632036566734317,0.0032527833245694639,0.9985345602035523,0.034942954778671268,0.04132494330406189,-0.03427984565496445,0.9992735981941223,-0.016647569835186006,-0.041876643896102908,0.015206555835902691,0.9990070462226868],"Right Arm":[0.0554196760058403,-0.03403700515627861,-0.001746729132719338,0.9679656028747559,-0.25067034363746645,0.014387866482138634,0.2508681118488312,0.9631785154342651,-0.096707284450531,0.010383572429418564,0.09721878170967102,0.9952088594436646],"Left Arm":[-0.0629187747836113,-0.05475368723273277,0.010194840840995312,0.9664779901504517,0.2555202841758728,-0.02509312704205513,-0.25674742460250857,0.9622331857681274,-0.09048765152692795,0.001023992896080017,0.09389691799879074,0.9955813884735107],"Torso":[0,-1.0551332377262135e-11,-0.029014037922024728,0.9997240304946899,0.023481925949454309,-0.0006388615584000945,-0.02348191849887371,0.9982444643974304,-0.054374516010284427,-0.0006390786729753017,0.054374516010284427,0.9985204339027405],"Right Leg":[0.0766608789563179,0.13633251190185548,0.055307675153017047,0.9991581439971924,-0.007175439968705177,-0.040392324328422549,0.005828565917909145,0.9994262456893921,-0.033364955335855487,0.04060855507850647,0.03310144320130348,0.998626708984375],"Head":[-8.979066024039639e-8,-1.3143287347361366e-8,-4.47063435160544e-8,0.9999546408653259,-0.00821161363273859,0.004825106356292963,0.008367101661860943,0.9994156360626221,-0.033141616731882098,-0.004550148267298937,0.03318048641085625,0.9994390606880188]},"t":0.04914249999956155},{"p":{"Left Leg":[-0.08631772547960282,0.06733213365077973,0.007589150685817003,0.9919865727424622,0.08260524272918701,0.09559858590364456,-0.07897919416427612,0.9960278868675232,-0.0411180816590786,-0.09861543029546738,0.03323829546570778,0.9945703744888306],"Right Arm":[0.12931261956691743,-0.06919900327920914,-0.004075248260051012,0.7971913814544678,-0.5997690558433533,0.0690135732293129,0.596607506275177,0.7651236057281494,-0.24216791987419129,0.09244094043970108,0.2342281937599182,0.9677767753601074],"Left Arm":[-0.14681078493595124,-0.10051734745502472,0.0237883310765028,0.7760040760040283,0.6246461272239685,-0.08737766742706299,-0.6256335377693176,0.7447425723075867,-0.2322523146867752,-0.08000163733959198,0.23489515483379365,0.9687228202819824],"Torso":[0,-1.5159845601075973e-11,-0.022271767258644105,0.9984902143478394,0.054818298667669299,-0.0034958559554070236,-0.054818276315927508,0.9903948903083801,-0.12693682312965394,-0.003496168414130807,0.12693682312965394,0.9919046759605408],"Right Leg":[0.17887534201145173,0.28467172384262087,0.12905123829841615,0.9953992962837219,-0.01885676383972168,-0.09393943101167679,0.011496135964989663,0.9968644380569458,-0.07828857004642487,0.09512115269899368,0.07684844732284546,0.9924949407577515],"Head":[-8.403320705951956e-9,-3.095785672257989e-8,-4.8393520302170148e-8,0.9997988939285278,-0.016366003081202508,0.011591704562306404,0.017218807712197305,0.9968237280845642,-0.077755406498909,-0.010282330214977265,0.07793936133384705,0.9969050288200378]},"t":0.06450069999982589},{"p":{"Left Leg":[-0.12331102788448334,0.08298228681087494,0.010841354727745057,0.9836110472679138,0.11898429691791535,0.13546955585479737,-0.1115683764219284,0.9918763637542725,-0.061104629188776019,-0.14163953065872193,0.04498906806111336,0.9888954758644104],"Right Arm":[0.1847323477268219,-0.09552881121635437,-0.005821641534566879,0.5539106130599976,-0.8175365328788757,0.15753430128097535,0.8082383275032044,0.48259055614471438,-0.33742719888687136,0.19983449578285218,0.3142297863960266,0.9280763864517212],"Left Arm":[-0.20972983539104463,-0.13454726338386537,0.033983439207077029,0.496377557516098,0.8479838371276856,-0.18582972884178163,-0.8462344408035278,0.4249059557914734,-0.32146862149238589,-0.19364005327224732,0.31682536005973818,0.9285069704055786],"Torso":[0,-1.7583370523488463e-11,-0.01635347306728363,0.9969115853309631,0.07820548862218857,-0.0071512749418616299,-0.07820545881986618,0.9803517460823059,-0.1810920685529709,-0.007151637226343155,0.1810920685529709,0.9834401607513428],"Right Leg":[0.2555362284183502,0.39602702856063845,0.18435895442962647,0.9905930161476135,-0.02918308600783348,-0.13369284570217133,0.014132868498563767,0.9935887455940247,-0.11216787993907929,0.1361091285943985,0.10922324657440186,0.9846545457839966],"Head":[3.667211601054987e-8,-6.280657061097372e-8,-6.852850731320359e-8,0.9996094107627869,-0.022251997143030168,0.016908414661884309,0.023994840681552888,0.9935261011123657,-0.11104121059179306,-0.014328066259622574,0.11140354722738266,0.9936719536781311]},"t":0.07682649999969726},{"p":{"Left Leg":[-0.17235682904720307,0.11430235207080841,0.02667749486863613,0.9696804285049439,0.16444462537765504,0.18077029287815095,-0.15083220601081849,0.9847478270530701,-0.08672593533992768,-0.1922747641801834,0.056830476969480517,0.9796941876411438],"Right Arm":[0.25730523467063906,-0.09699274599552155,-0.022651346400380136,0.21350860595703126,-0.9314542412757874,0.2946304380893707,0.9196080565452576,0.08982602506875992,-0.3824295997619629,0.3297502100467682,0.3525964617729187,0.8757514953613281],"Left Arm":[-0.2923406958580017,-0.15059322118759156,0.043163347989320758,0.11225926131010056,0.9310526251792908,-0.34718695282936098,-0.9294800162315369,-0.02516142651438713,-0.3680131137371063,-0.3513752520084381,0.36401626467704775,0.8625702857971191],"Torso":[0,-1.849978503720706e-11,-0.009371099062263966,0.9950166344642639,0.09921959787607193,-0.009867550805211068,-0.09847911447286606,0.9624224901199341,-0.2530708909034729,-0.015612833201885224,0.2527815103530884,0.9673973917961121],"Right Leg":[0.32854747772216799,0.5152884125709534,0.23896251618862153,0.9838046431541443,-0.04921182617545128,-0.17235611379146577,0.020790178328752519,0.9864112138748169,-0.16297435760498048,0.17803426086902619,0.1567516028881073,0.9714590907096863],"Head":[6.984983258462307e-8,-6.939220753565678e-8,-6.716662426242692e-8,0.9994499683380127,-0.026254743337631227,0.020260732620954515,0.028910502791404725,0.9890928864479065,-0.14442798495292664,-0.01624782383441925,0.1449342966079712,0.9893078804016113]},"t":0.09115579999979673},{"p":{"Left Leg":[-0.22668661177158357,0.1631753295660019,0.059821538627147678,0.9522659182548523,0.21055807173252107,0.22103159129619599,-0.18942944705486298,0.975366473197937,-0.1130339577794075,-0.23938702046871186,0.06576848775148392,0.9686941504478455],"Right Arm":[0.33647480607032778,-0.05338194966316223,-0.06094369292259216,-0.07380732893943787,-0.9061756730079651,0.41641125082969668,0.9063959717750549,-0.23510117828845979,-0.35096144676208498,0.41593149304389956,0.35152989625930788,0.8387061357498169],"Left Arm":[-0.38275882601737978,-0.12932191789150239,0.04746115207672119,-0.18445558845996858,0.838609516620636,-0.5125529170036316,-0.8503084778785706,-0.3977002799510956,-0.3446885347366333,-0.4929015338420868,0.37224823236465456,0.7864348888397217],"Torso":[0,-1.799845168737324e-11,-0.003929442726075649,0.9939647912979126,0.10936465114355087,-0.008562267757952214,-0.10597016662359238,0.9370683431625366,-0.33267590403556826,-0.028359558433294297,0.331575483083725,0.9430023431777954],"Right Leg":[0.37067094445228579,0.6088793277740479,0.27410101890563967,0.9775202870368958,-0.07898903638124466,-0.19548608362674714,0.03325636684894562,0.9733289480209351,-0.2269906997680664,0.2082020491361618,0.21538683772087098,0.9540756344795227],"Head":[9.028288161516685e-8,3.891743372008705e-9,-9.272646650515526e-9,0.9994911551475525,-0.025875041261315347,0.018651163205504419,0.02863144688308239,0.9855266213417053,-0.16708523035049439,-0.014057876542210579,0.1675342321395874,0.9857659935951233]},"t":0.10205389999964609},{"p":{"Left Leg":[-0.3047514259815216,0.2213594764471054,0.09416516870260239,0.9172791242599487,0.28068971633911135,0.2825106680393219,-0.2443104386329651,0.9568341374397278,-0.1574193686246872,-0.3145018517971039,0.07537722587585449,0.9462594389915466],"Right Arm":[0.45127126574516299,-0.029112309217453004,-0.0992400124669075,-0.4844328463077545,-0.6596691012382507,0.5745968222618103,0.6691372990608215,-0.7025027871131897,-0.24237386882305146,0.5635424256324768,0.26707032322883608,0.7817245721817017],"Left Arm":[-0.5136082172393799,-0.1315506100654602,0.05863376334309578,-0.5505754947662354,0.4681626558303833,-0.69115149974823,-0.49029314517974856,-0.8514424562454224,-0.18616782128810883,-0.6756324768066406,0.2363673895597458,0.6983201503753662],"Torso":[0,-1.1665658890269715e-11,0.0094908457249403,0.9907867908477783,0.13469763100147248,-0.014072723686695099,-0.12699468433856965,0.8879395723342896,-0.4420810341835022,-0.04705153405666351,0.43979519605636599,0.8968647122383118],"Right Leg":[0.46418243646621706,0.7761661410331726,0.3461655378341675,0.9631170630455017,-0.12013639509677887,-0.2407752275466919,0.040556650608778,0.9493886232376099,-0.31147441267967226,0.2660086750984192,0.29022130370140078,0.9192447662353516],"Head":[7.272551982850928e-8,-2.1670604866130817e-8,1.1715368231079992e-7,0.9993483424186707,-0.029311643913388253,0.021065328270196916,0.033109888434410098,0.9768040180206299,-0.21156004071235658,-0.014375530183315277,0.21211963891983033,0.9771379828453064]},"t":0.11487229999966076},{"p":{"Left Leg":[-0.35287001729011538,0.25185900926589968,0.1090327650308609,0.8895346522331238,0.3252328932285309,0.32086077332496645,-0.27665194869041445,0.942356288433075,-0.18822412192821504,-0.3635818660259247,0.0786651223897934,0.9282349348068237],"Right Arm":[0.5225246548652649,-0.03238961100578308,-0.11490946263074875,-0.646591305732727,-0.4228048026561737,0.6349454522132874,0.43192651867866518,-0.8889875411987305,-0.15212053060531617,0.6287758946418762,0.1758899688720703,0.7574322819709778],"Left Arm":[-0.5947042107582092,-0.14819100499153138,0.06789170950651169,-0.6542980670928955,0.18664830923080445,-0.7328413128852844,-0.2072352170944214,-0.9762209057807922,-0.06361046433448792,-0.7272878289222717,0.1102503091096878,0.6774198412895203],"Torso":[0,-5.166217714042132e-12,0.021749205887317659,0.9877169728279114,0.15471185743808747,-0.021895626559853555,-0.14444230496883393,0.8506010174751282,-0.5055832266807556,-0.0595952644944191,0.5025357604026794,0.8624999523162842],"Right Leg":[0.5374743342399597,0.8951296806335449,0.4008232355117798,0.9507262110710144,-0.14533749222755433,-0.2738553285598755,0.03902271389961243,0.9323855638504028,-0.35935279726982119,0.30756616592407229,0.3309595286846161,0.8921148180961609],"Head":[7.32827700744565e-8,6.231907878628817e-9,4.6296989353322718e-8,0.9991410374641419,-0.033110398799180987,0.024917423725128175,0.038201864808797839,0.9689544439315796,-0.24427030980587007,-0.016055967658758165,0.24501238763332368,0.9693869948387146]},"t":0.12923859999955313},{"p":{"Left Leg":[-0.3849490284919739,0.27234894037246706,0.11894441395998001,0.8690506815910339,0.35451000928878786,0.34507036209106448,-0.2969204783439636,0.931667149066925,-0.20936702191829682,-0.3957134485244751,0.07949207723140717,0.9149272441864014],"Right Arm":[0.5700269341468811,-0.0345706082880497,-0.1253557801246643,-0.7049351334571838,-0.2687504291534424,0.6563838124275208,0.2774408459663391,-0.9561786651611328,-0.09353615343570709,0.6527580618858337,0.11617077887058258,0.7486062049865723],"Left Arm":[-0.6487681865692139,-0.15910467505455018,0.07406365871429444,-0.6730668544769287,0.021918512880802156,-0.7392566800117493,-0.04102683812379837,-0.9991281032562256,0.0077299317345023159,-0.7384427189826965,0.03553212806582451,0.6733792424201965],"Torso":[0,0,0.03622051328420639,0.9854598045349121,0.16760623455047608,-0.027877191081643106,-0.1554495394229889,0.8231468796730042,-0.546136200428009,-0.06858880817890167,0.5425288081169128,0.8372324705123901],"Right Leg":[0.5863355994224548,0.9745650887489319,0.4372616708278656,0.9415684342384338,-0.16286149621009828,-0.29483041167259219,0.03678767383098602,0.9198189973831177,-0.39061439037323,0.3348066508769989,0.35694408416748049,0.8720638751983643],"Head":[8.472929380332062e-8,1.266446645331598e-7,-8.94115146365948e-8,0.9989884495735169,-0.035538818687200549,0.027551230043172838,0.04159462824463844,0.9631162285804749,-0.2658514380455017,-0.017086979001760484,0.2667285203933716,0.9636201858520508]},"t":0.14335119999987},{"p":{"Left Leg":[-0.3849490284919739,0.27234894037246706,0.11894441395998001,0.8690506815910339,0.35451003909111025,0.34507036209106448,-0.296920508146286,0.931667149066925,-0.209367036819458,-0.3957134485244751,0.07949206978082657,0.9149272441864014],"Right Arm":[0.5700269341468811,-0.0345706082880497,-0.1253557801246643,-0.7049351334571838,-0.2687504291534424,0.6563838124275208,0.2774408459663391,-0.9561786651611328,-0.09353615343570709,0.6527580618858337,0.11617077887058258,0.7486062049865723],"Left Arm":[-0.6487681865692139,-0.15910467505455018,0.07406365871429444,-0.6730668544769287,0.021918512880802156,-0.7392566800117493,-0.04102683812379837,-0.9991281032562256,0.0077299317345023159,-0.7384427189826965,0.03553212806582451,0.6733792424201965],"Torso":[0,0,0.044542908668518069,0.9854598045349121,0.16760623455047608,-0.027877191081643106,-0.1554495394229889,0.8231468796730042,-0.546136200428009,-0.06858880817890167,0.5425288081169128,0.8372324705123901],"Right Leg":[0.5863355994224548,0.9745650887489319,0.4372616708278656,0.9415684342384338,-0.16286149621009828,-0.29483041167259219,0.03678767383098602,0.9198189973831177,-0.39061439037323,0.3348066508769989,0.35694408416748049,0.8720638751983643],"Head":[8.147183905293787e-8,1.191955902868358e-7,-2.2358726425864007e-8,0.9989884495735169,-0.035538818687200549,0.027551230043172838,0.04159462824463844,0.9631162285804749,-0.2658514380455017,-0.017086979001760484,0.2667285203933716,0.9636201858520508]},"t":0.15516629999956423},{"p":{"Left Leg":[-0.3849490284919739,0.27234894037246706,0.11894441395998001,0.8690506815910339,0.35451000928878786,0.34507036209106448,-0.2969204783439636,0.931667149066925,-0.20936702191829682,-0.3957134485244751,0.07949207723140717,0.9149272441864014],"Right Arm":[0.5700269341468811,-0.0345706082880497,-0.1253557801246643,-0.7049351334571838,-0.2687504291534424,0.6563838124275208,0.2774408459663391,-0.9561786651611328,-0.09353615343570709,0.6527580618858337,0.11617077887058258,0.7486062049865723],"Left Arm":[-0.6487681865692139,-0.15910467505455018,0.07406365871429444,-0.6730668544769287,0.021918512880802156,-0.7392566800117493,-0.04102683812379837,-0.9991281032562256,0.0077299317345023159,-0.7384427189826965,0.03553212806582451,0.6733792424201965],"Torso":[0,0,0.05355280265212059,0.9854598045349121,0.16760623455047608,-0.027877191081643106,-0.1554495394229889,0.8231468796730042,-0.546136200428009,-0.06858880817890167,0.5425288081169128,0.8372324705123901],"Right Leg":[0.5863355994224548,0.9745650887489319,0.4372616708278656,0.9415684342384338,-0.16286149621009828,-0.29483041167259219,0.03678767383098602,0.9198189973831177,-0.39061439037323,0.3348066508769989,0.35694408416748049,0.8720638751983643],"Head":[7.169947480178962e-8,-5.96155587118119e-8,1.787993824109435e-7,0.9989884495735169,-0.035538818687200549,0.027551230043172838,0.04159462824463844,0.9631162285804749,-0.2658514380455017,-0.017086979001760484,0.2667285203933716,0.9636201858520508]},"t":0.16797589999987395},{"p":{"Left Leg":[-0.3849490284919739,0.27234894037246706,0.11894441395998001,0.8690508008003235,0.3545098602771759,0.3450703024864197,-0.29692038893699648,0.9316672086715698,-0.20936691761016847,-0.39571332931518557,0.07949208468198776,0.9149273037910461],"Right Arm":[0.5700269341468811,-0.0345706082880497,-0.1253557801246643,-0.7049350738525391,-0.2687504291534424,0.6563838720321655,0.2774408459663391,-0.9561786651611328,-0.09353616088628769,0.6527581214904785,0.11617078632116318,0.7486062049865723],"Left Arm":[-0.6487681865692139,-0.15910467505455018,0.07406365871429444,-0.6730669140815735,0.021918512880802156,-0.7392566204071045,-0.04102683812379837,-0.9991281032562256,0.00772993266582489,-0.7384426593780518,0.03553212806582451,0.6733792424201965],"Torso":[0,0,0.06353967636823654,0.9854598045349121,0.16760623455047608,-0.027877192944288255,-0.1554495394229889,0.8231468796730042,-0.546136200428009,-0.06858880817890167,0.5425288081169128,0.8372324705123901],"Right Leg":[0.5863355994224548,0.9745650887489319,0.4372616708278656,0.9415684342384338,-0.16286154091358186,-0.29483044147491457,0.03678765892982483,0.9198189973831177,-0.39061450958251955,0.33480674028396609,0.35694420337677,0.8720638155937195],"Head":[8.147183905293787e-8,-7.078904218360549e-8,-2.2358847218129087e-8,0.9989884495735169,-0.035538818687200549,0.027551230043172838,0.04159462824463844,0.9631162285804749,-0.2658514380455017,-0.017086979001760484,0.2667285203933716,0.9636201858520508]},"t":0.18137009999963994},{"p":{"Left Leg":[-0.3849490284919739,0.27234894037246706,0.11894441395998001,0.8690506815910339,0.35451000928878786,0.34507036209106448,-0.2969204783439636,0.931667149066925,-0.20936702191829682,-0.3957134485244751,0.07949207723140717,0.9149272441864014],"Right Arm":[0.5700269341468811,-0.0345706082880497,-0.1253557801246643,-0.7049351334571838,-0.2687504291534424,0.6563838124275208,0.2774408459663391,-0.9561786651611328,-0.09353615343570709,0.6527580618858337,0.11617077887058258,0.7486062049865723],"Left Arm":[-0.6487681865692139,-0.15910467505455018,0.07406365871429444,-0.6730668544769287,0.021918512880802156,-0.7392566800117493,-0.04102683812379837,-0.9991281032562256,0.0077299317345023159,-0.7384427189826965,0.03553212806582451,0.6733792424201965],"Torso":[0,0,0.07414168864488602,0.9854598045349121,0.16760623455047608,-0.027877191081643106,-0.1554495394229889,0.8231468796730042,-0.546136200428009,-0.06858880817890167,0.5425288081169128,0.8372324705123901],"Right Leg":[0.5863355994224548,0.9745650887489319,0.4372616708278656,0.9415684342384338,-0.16286149621009828,-0.29483041167259219,0.03678767383098602,0.9198189973831177,-0.39061439037323,0.3348066508769989,0.35694408416748049,0.8720638751983643],"Head":[7.122650913515827e-8,-8.196253276082644e-8,-2.0861909888481024e-7,0.9989884495735169,-0.035538818687200549,0.027551230043172838,0.04159462824463844,0.9631162285804749,-0.2658514380455017,-0.017086979001760484,0.2667285203933716,0.9636201858520508]},"t":0.1952392999996846},{"p":{"Left Leg":[-0.3849490284919739,0.27234894037246706,0.11894441395998001,0.8690507411956787,0.3545098602771759,0.34507036209106448,-0.29692038893699648,0.9316672086715698,-0.20936694741249085,-0.3957133889198303,0.07949206978082657,0.9149272441864014],"Right Arm":[0.5700269341468811,-0.0345706082880497,-0.1253557801246643,-0.7049353122711182,-0.26875001192092898,0.6563836932182312,0.2774404287338257,-0.9561787843704224,-0.09353598207235336,0.6527579426765442,0.11617059260606766,0.7486059665679932],"Left Arm":[-0.6487681865692139,-0.15910467505455018,0.07406365871429444,-0.6730668544769287,0.021918512880802156,-0.7392566800117493,-0.04102683812379837,-0.9991281032562256,0.007729928009212017,-0.7384427189826965,0.03553212434053421,0.6733792424201965],"Torso":[0,0,0.08534978330135346,0.9854598045349121,0.16760621964931489,-0.027877187356352807,-0.1554495245218277,0.8231468796730042,-0.546136200428009,-0.06858880072832108,0.5425288081169128,0.8372324705123901],"Right Leg":[0.5863355994224548,0.9745650887489319,0.4372616708278656,0.9415684342384338,-0.16286157071590424,-0.29483047127723696,0.03678765892982483,0.9198189973831177,-0.3906145989894867,0.33480677008628847,0.3569442331790924,0.8720638155937195],"Head":[6.447515943364124e-8,-8.568701304056958e-8,-2.682225499484048e-7,0.9989884495735169,-0.035538818687200549,0.027551230043172838,0.04159462824463844,0.9631162285804749,-0.2658514380455017,-0.017086979001760484,0.2667285203933716,0.9636201858520508]},"t":0.2082031999998435},{"p":{"Left Leg":[-0.3849490284919739,0.27234894037246706,0.11894441395998001,0.8690506815910339,0.35451000928878786,0.34507036209106448,-0.2969204783439636,0.931667149066925,-0.20936702191829682,-0.3957134485244751,0.07949207723140717,0.9149272441864014],"Right Arm":[0.5700269341468811,-0.0345706082880497,-0.1253557801246643,-0.7049351334571838,-0.2687504291534424,0.6563838124275208,0.2774408459663391,-0.9561786651611328,-0.09353615343570709,0.6527580618858337,0.11617077887058258,0.7486062049865723],"Left Arm":[-0.6487681865692139,-0.15910467505455018,0.07406365871429444,-0.6730668544769287,0.021918512880802156,-0.7392566800117493,-0.04102683812379837,-0.9991281032562256,0.0077299317345023159,-0.7384427189826965,0.03553212806582451,0.6733792424201965],"Torso":[0,0,0.09715493023395539,0.9854598045349121,0.16760623455047608,-0.027877191081643106,-0.1554495394229889,0.8231468796730042,-0.546136200428009,-0.06858880817890167,0.5425288081169128,0.8372324705123901],"Right Leg":[0.5863355994224548,0.9745650887489319,0.4372616708278656,0.9415684342384338,-0.16286149621009828,-0.29483041167259219,0.03678767383098602,0.9198189973831177,-0.39061439037323,0.3348066508769989,0.35694408416748049,0.8720638751983643],"Head":[8.472929380332062e-8,-7.451340167108356e-8,-8.94115146365948e-8,0.9989884495735169,-0.035538818687200549,0.027551230043172838,0.04159462824463844,0.9631162285804749,-0.2658514380455017,-0.017086979001760484,0.2667285203933716,0.9636201858520508]},"t":0.22011829999973998},{"p":{"Left Leg":[-0.3849490284919739,0.27234894037246706,0.11894441395998001,0.8690506815910339,0.35451000928878786,0.34507036209106448,-0.2969204783439636,0.931667149066925,-0.20936702191829682,-0.3957134485244751,0.07949207723140717,0.9149272441864014],"Right Arm":[0.5700269341468811,-0.0345706082880497,-0.1253557801246643,-0.7049351334571838,-0.2687504291534424,0.6563838124275208,0.2774408459663391,-0.9561786651611328,-0.09353615343570709,0.6527580618858337,0.11617077887058258,0.7486062049865723],"Left Arm":[-0.6487681865692139,-0.15910467505455018,0.07406365871429444,-0.6730668544769287,0.021918512880802156,-0.7392566800117493,-0.04102683812379837,-0.9991281032562256,0.0077299317345023159,-0.7384427189826965,0.03553212806582451,0.6733792424201965],"Torso":[0,0,0.10980135202407837,0.9854598045349121,0.16760623455047608,-0.027877191081643106,-0.1554495394229889,0.8231468796730042,-0.546136200428009,-0.06858880817890167,0.5425288081169128,0.8372324705123901],"Right Leg":[0.5863355994224548,0.9745650887489319,0.4372616708278656,0.9415684342384338,-0.16286149621009828,-0.29483041167259219,0.03678767383098602,0.9198189973831177,-0.39061439037323,0.3348066508769989,0.35694408416748049,0.8720638751983643],"Head":[8.472929380332062e-8,3.7239203720673689e-8,-8.94115146365948e-8,0.9989884495735169,-0.035538818687200549,0.027551230043172838,0.04159462824463844,0.9631162285804749,-0.2658514380455017,-0.017086979001760484,0.2667285203933716,0.9636201858520508]},"t":0.23317609999958223},{"p":{"Left Leg":[-0.31819674372673037,0.18615290522575379,0.04924817383289337,0.8972526788711548,0.3073943853378296,0.3169325590133667,-0.26126420497894289,0.9483129978179932,-0.180120587348938,-0.3559193015098572,0.07881054282188416,0.9311875700950623],"Right Arm":[0.4750248193740845,-0.17209197580814362,-0.04181747883558273,-0.6437714099884033,-0.4102395474910736,0.6459581255912781,0.3780471980571747,-0.904445230960846,-0.19763390719890595,0.6653110384941101,0.11697159707546234,0.7373457551002502],"Left Arm":[-0.539705753326416,-0.257323682308197,0.07968621701002121,-0.705650269985199,0.22203558683395387,-0.6728728413581848,-0.2058713436126709,-0.9729140400886536,-0.10514375567436218,-0.67799311876297,0.06433051824569702,0.7322478294372559],"Torso":[0,0,0.12745025753974915,0.9831462502479553,0.1788436323404312,-0.03792686015367508,-0.17633949220180512,0.8729124665260315,-0.45489370822906496,-0.048248015344142917,0.4539150595664978,0.8897377848625183],"Right Leg":[0.606549084186554,0.9312544465065002,0.44116154313087466,0.945027768611908,-0.11156967282295227,-0.3073674440383911,0.015097260475158692,0.9538750052452087,-0.29982417821884158,0.32664138078689577,0.2787017822265625,0.9031227827072144],"Head":[8.683984020763092e-8,-7.080107877754927e-8,-4.023404756026139e-7,0.9982216358184815,-0.04410252347588539,0.040106020867824557,0.05315995588898659,0.9630154371261597,-0.2641502320766449,-0.02697303146123886,0.265812486410141,0.9636473655700684]},"t":0.24809359999972004},{"p":{"Left Leg":[-0.2959461212158203,0.1574210524559021,0.02601623721420765,0.9059183597564697,0.291536808013916,0.3071126341819763,-0.24896501004695893,0.9533654451370239,-0.1706186830997467,-0.342532217502594,0.07810632139444351,0.9362537264823914],"Right Arm":[0.4433576166629791,-0.21793216466903687,-0.01397154200822115,-0.620012640953064,-0.45538967847824099,0.638908863067627,0.4093095660209656,-0.8824639320373535,-0.23178249597549439,0.669365406036377,0.11780346184968949,0.733534038066864],"Left Arm":[-0.5033518075942993,-0.29006314277648928,0.08156038820743561,-0.7080787420272827,0.2874622046947479,-0.6449728608131409,-0.2612071931362152,-0.9552257657051086,-0.13897646963596345,-0.6560452580451965,0.07006525993347168,0.7514623999595642],"Torso":[0,0,0.1413721740245819,0.9822942018508911,0.18280340731143952,-0.0409994050860405,-0.18280340731143952,0.887356162071228,-0.4232988655567169,-0.0409994050860405,0.4232988655567169,0.9050619006156921],"Right Leg":[0.6132868528366089,0.9168176651000977,0.4424614906311035,0.9459137320518494,-0.09422287344932556,-0.3104339838027954,0.007689859718084335,0.9631374478340149,-0.2688997685909271,0.32432711124420168,0.25196877121925356,0.9117695093154907],"Head":[9.405827938735456e-8,-1.6392513657592645e-7,-6.407551609299844e-7,0.9979146122932434,-0.04695870727300644,0.04428644850850105,0.05700995773077011,0.962959349155426,-0.26355111598968508,-0.030270026996731759,0.26552629470825198,0.9636282920837402]},"t":0.2630314999996699},{"p":{"Left Leg":[-0.2959461212158203,0.1574210524559021,0.02601623721420765,0.9059183597564697,0.291536808013916,0.3071126341819763,-0.24896501004695893,0.9533654451370239,-0.1706186830997467,-0.342532217502594,0.07810632139444351,0.9362537264823914],"Right Arm":[0.4433576166629791,-0.21793216466903687,-0.01397154200822115,-0.620012640953064,-0.45538967847824099,0.638908863067627,0.4093095660209656,-0.8824639320373535,-0.23178249597549439,0.669365406036377,0.11780346184968949,0.733534038066864],"Left Arm":[-0.5033518075942993,-0.29006314277648928,0.08156038820743561,-0.7080787420272827,0.2874622046947479,-0.6449728608131409,-0.2612071931362152,-0.9552257657051086,-0.13897646963596345,-0.6560452580451965,0.07006525993347168,0.7514623999595642],"Torso":[0,0,0.1557554453611374,0.9822942018508911,0.18280340731143952,-0.0409994050860405,-0.18280340731143952,0.887356162071228,-0.4232988655567169,-0.0409994050860405,0.4232988655567169,0.9050619006156921],"Right Leg":[0.6132868528366089,0.9168176651000977,0.4424614906311035,0.9459137320518494,-0.09422287344932556,-0.3104339838027954,0.007689859718084335,0.9631374478340149,-0.2688997685909271,0.32432711124420168,0.25196877121925356,0.9117695093154907],"Head":[1.0057317467726534e-7,-2.086189851979725e-7,-7.078074304445181e-7,0.9979146122932434,-0.04695870727300644,0.04428644850850105,0.05700995773077011,0.962959349155426,-0.26355111598968508,-0.030270026996731759,0.26552629470825198,0.9636282920837402]},"t":0.27607929999976479},{"p":{"Left Leg":[-0.2959461212158203,0.1574210524559021,0.02601623721420765,0.9059183597564697,0.291536808013916,0.3071126341819763,-0.24896501004695893,0.9533654451370239,-0.1706186830997467,-0.342532217502594,0.07810632139444351,0.9362537264823914],"Right Arm":[0.4433576166629791,-0.21793216466903687,-0.01397154200822115,-0.620012640953064,-0.45538967847824099,0.638908863067627,0.4093095660209656,-0.8824639320373535,-0.23178249597549439,0.669365406036377,0.11780346184968949,0.733534038066864],"Left Arm":[-0.5033518075942993,-0.29006314277648928,0.08156038820743561,-0.7080787420272827,0.2874622046947479,-0.6449728608131409,-0.2612071931362152,-0.9552257657051086,-0.13897646963596345,-0.6560452580451965,0.07006525993347168,0.7514623999595642],"Torso":[0,0,0.1705729365348816,0.9822942018508911,0.18280340731143952,-0.0409994050860405,-0.18280340731143952,0.887356162071228,-0.4232988655567169,-0.0409994050860405,0.4232988655567169,0.9050619006156921],"Right Leg":[0.6132868528366089,0.9168176651000977,0.4424614906311035,0.9459137320518494,-0.09422287344932556,-0.3104339838027954,0.007689859718084335,0.9631374478340149,-0.2688997685909271,0.32432711124420168,0.25196877121925356,0.9117695093154907],"Head":[1.0057317467726534e-7,-2.086189851979725e-7,-5.066494850325398e-7,0.9979146122932434,-0.04695870727300644,0.04428644850850105,0.05700995773077011,0.962959349155426,-0.26355111598968508,-0.030270026996731759,0.26552629470825198,0.9636282920837402]},"t":0.2872175999996216},{"p":{"Left Leg":[-0.2959461212158203,0.1574210524559021,0.02601623721420765,0.9059183597564697,0.291536808013916,0.30711260437965395,-0.24896501004695893,0.9533654451370239,-0.1706186830997467,-0.3425321877002716,0.07810629904270172,0.9362537860870361],"Right Arm":[0.4433576166629791,-0.21793216466903687,-0.01397154200822115,-0.620012640953064,-0.45538967847824099,0.638908863067627,0.4093095660209656,-0.8824639320373535,-0.23178249597549439,0.669365406036377,0.11780346184968949,0.733534038066864],"Left Arm":[-0.5033518075942993,-0.29006314277648928,0.08156038820743561,-0.7080787420272827,0.2874622046947479,-0.6449728608131409,-0.2612071931362152,-0.9552257657051086,-0.13897646963596345,-0.6560452580451965,0.07006525993347168,0.7514623999595642],"Torso":[0,0,0.1860688477754593,0.9822942018508911,0.18280340731143952,-0.0409994050860405,-0.18280340731143952,0.887356162071228,-0.4232988655567169,-0.0409994050860405,0.4232988655567169,0.9050619006156921],"Right Leg":[0.6132868528366089,0.9168176651000977,0.4424614906311035,0.9459137320518494,-0.09422288089990616,-0.3104339838027954,0.007689863443374634,0.9631374478340149,-0.2688997685909271,0.32432711124420168,0.25196877121925356,0.9117695093154907],"Head":[1.0057317467726534e-7,-2.086189851979725e-7,-5.066494850325398e-7,0.9979146122932434,-0.04695870727300644,0.04428644850850105,0.05700995773077011,0.962959349155426,-0.26355111598968508,-0.030270026996731759,0.26552629470825198,0.9636282920837402]},"t":0.3004622999997082},{"p":{"Left Leg":[-0.2959461212158203,0.1574210524559021,0.02601623721420765,0.9059183597564697,0.291536808013916,0.30711260437965395,-0.24896501004695893,0.9533654451370239,-0.1706186830997467,-0.3425321877002716,0.07810629904270172,0.9362537860870361],"Right Arm":[0.4433576166629791,-0.21793216466903687,-0.01397154200822115,-0.620012640953064,-0.45538967847824099,0.638908863067627,0.4093095660209656,-0.8824639320373535,-0.23178249597549439,0.669365406036377,0.11780346184968949,0.733534038066864],"Left Arm":[-0.5033518075942993,-0.29006314277648928,0.08156038820743561,-0.7080787420272827,0.2874622046947479,-0.6449728608131409,-0.2612071931362152,-0.9552257657051086,-0.13897646963596345,-0.6560452580451965,0.07006525993347168,0.7514623999595642],"Torso":[0,0,0.20727285742759705,0.9822942018508911,0.18280340731143952,-0.0409994050860405,-0.18280340731143952,0.887356162071228,-0.4232988655567169,-0.0409994050860405,0.4232988655567169,0.9050619006156921],"Right Leg":[0.6132868528366089,0.9168176651000977,0.4424614906311035,0.9459137320518494,-0.09422288089990616,-0.3104339838027954,0.007689863443374634,0.9631374478340149,-0.2688997685909271,0.32432711124420168,0.25196877121925356,0.9117695093154907],"Head":[9.917205545662e-8,-1.9744550172617893e-7,-3.948968583245005e-7,0.9979146122932434,-0.04695870727300644,0.04428644850850105,0.05700995773077011,0.962959349155426,-0.26355111598968508,-0.030270026996731759,0.26552629470825198,0.9636282920837402]},"t":0.3138307999997778},{"p":{"Left Leg":[-0.2959461212158203,0.1574210524559021,0.02601623721420765,0.9059183597564697,0.291536808013916,0.3071126341819763,-0.24896501004695893,0.9533654451370239,-0.1706186830997467,-0.342532217502594,0.07810632139444351,0.9362537264823914],"Right Arm":[0.4433576166629791,-0.21793216466903687,-0.01397154200822115,-0.620012640953064,-0.45538967847824099,0.638908863067627,0.4093095660209656,-0.8824639320373535,-0.23178249597549439,0.669365406036377,0.11780346184968949,0.733534038066864],"Left Arm":[-0.5033518075942993,-0.29006314277648928,0.08156038820743561,-0.7080787420272827,0.2874622046947479,-0.6449728608131409,-0.2612071931362152,-0.9552257657051086,-0.13897646963596345,-0.6560452580451965,0.07006525993347168,0.7514623999595642],"Torso":[0,0,0.22367340326309205,0.9822942018508911,0.18280340731143952,-0.0409994050860405,-0.18280340731143952,0.887356162071228,-0.4232988655567169,-0.0409994050860405,0.4232988655567169,0.9050619006156921],"Right Leg":[0.6132868528366089,0.9168176651000977,0.4424614906311035,0.9459137320518494,-0.09422287344932556,-0.3104339838027954,0.007689859718084335,0.9631374478340149,-0.2688997685909271,0.32432711124420168,0.25196877121925356,0.9117695093154907],"Head":[8.566337328375084e-8,-1.5647606232960244e-7,-4.321477717894595e-7,0.9979146122932434,-0.04695870727300644,0.04428644850850105,0.05700995773077011,0.962959349155426,-0.26355111598968508,-0.030270026996731759,0.26552629470825198,0.9636282920837402]},"t":0.32794609999973547},{"p":{"Left Leg":[-0.2959461212158203,0.1574210524559021,0.02601623721420765,0.9059183597564697,0.291536808013916,0.3071126341819763,-0.24896501004695893,0.9533654451370239,-0.1706186830997467,-0.342532217502594,0.07810632139444351,0.9362537264823914],"Right Arm":[0.4433576166629791,-0.21793216466903687,-0.01397154200822115,-0.620012640953064,-0.45538967847824099,0.638908863067627,0.4093095660209656,-0.8824639320373535,-0.23178249597549439,0.669365406036377,0.11780346184968949,0.733534038066864],"Left Arm":[-0.5033518075942993,-0.29006314277648928,0.08156038820743561,-0.7080787420272827,0.2874622046947479,-0.6449728608131409,-0.2612071931362152,-0.9552257657051086,-0.13897646963596345,-0.6560452580451965,0.07006525993347168,0.7514623999595642],"Torso":[0,0,0.2404177039861679,0.9822942018508911,0.18280340731143952,-0.0409994050860405,-0.18280340731143952,0.887356162071228,-0.4232988655567169,-0.0409994050860405,0.4232988655567169,0.9050619006156921],"Right Leg":[0.6132868528366089,0.9168176651000977,0.4424614906311035,0.9459137320518494,-0.09422287344932556,-0.3104339838027954,0.007689859718084335,0.9631374478340149,-0.2688997685909271,0.32432711124420168,0.25196877121925356,0.9117695093154907],"Head":[8.613041302396596e-8,-1.6020646853576182e-7,-5.662532203132287e-7,0.9979146122932434,-0.04695870727300644,0.04428644850850105,0.05700995773077011,0.962959349155426,-0.26355111598968508,-0.030270026996731759,0.26552629470825198,0.9636282920837402]},"t":0.3413548999997147},{"p":{"Left Leg":[-0.2959461212158203,0.1574210524559021,0.02601623721420765,0.9059183597564697,0.291536808013916,0.3071126341819763,-0.24896501004695893,0.9533654451370239,-0.1706186830997467,-0.342532217502594,0.07810632139444351,0.9362537264823914],"Right Arm":[0.4433576166629791,-0.21793216466903687,-0.01397154200822115,-0.620012640953064,-0.45538967847824099,0.638908863067627,0.4093095660209656,-0.8824639320373535,-0.23178249597549439,0.669365406036377,0.11780346184968949,0.733534038066864],"Left Arm":[-0.5033518075942993,-0.29006314277648928,0.08156038820743561,-0.7080787420272827,0.2874622046947479,-0.6449728608131409,-0.2612071931362152,-0.9552257657051086,-0.13897646963596345,-0.6560452580451965,0.07006525993347168,0.7514623999595642],"Torso":[0,0,0.2574876546859741,0.9822942018508911,0.18280340731143952,-0.0409994050860405,-0.18280340731143952,0.887356162071228,-0.4232988655567169,-0.0409994050860405,0.423298865556