[{"p":{"Left Leg":[-0.13884186744689942,0.007843783125281334,-0.0073367515578866009,0.9758168458938599,-0.1741865575313568,-0.13206258416175843,0.19525489211082459,0.9661921262741089,0.16836965084075929,0.09827008843421936,-0.1900838017463684,0.9768372774124146],"Right Arm":[0.01364706177264452,0.01649424433708191,0.028392819687724115,0.8623992800712586,-0.505828857421875,-0.02011318877339363,0.4879622459411621,0.8200481534004211,0.2990213632583618,-0.13475987315177918,-0.2676903009414673,0.9540343880653381],"Left Arm":[0.013830183073878289,-0.014324618503451348,0.027738288044929506,0.8819825053215027,0.4586470425128937,0.10839618742465973,-0.4704952538013458,0.8436180353164673,0.25873294472694399,0.02722213789820671,-0.2791978418827057,0.959847629070282],"Torso":[0.0676078051328659,0.04960302636027336,0.05963609367609024,0.9762163162231445,-0.1879427582025528,0.10807029902935028,0.17478333413600923,0.977196216583252,0.12057526409626007,-0.12826713919639588,-0.09881864488124848,0.9868041276931763],"Right Leg":[-0.028065696358680726,-0.04624951630830765,-0.021480223163962365,0.990691602230072,-0.05907468497753143,-0.12263904511928559,0.05900675058364868,0.998248815536499,-0.004189077764749527,0.12267175316810608,-0.0030864649452269079,0.9924424886703491],"Head":[0.006058947183191776,0.00880702305585146,0.003099174937233329,0.9882909655570984,0.12833291292190553,-0.08253303915262222,-0.14080527424812318,0.9754520654678345,-0.16931398212909699,0.058778487145900729,0.17895255982875825,0.9821003675460815]},"t":0.001576999999997497},{"p":{"Left Leg":[-0.2079288810491562,0.012624850496649742,-0.015813391655683519,0.9565276503562927,-0.22237905859947205,-0.18868596851825715,0.25953686237335207,0.9441713690757752,0.20293109118938447,0.13302429020404817,-0.24308015406131745,0.9608415961265564],"Right Arm":[0.01319807767868042,0.012062554247677327,0.03714150935411453,0.8412931561470032,-0.5382689237594605,-0.04992388188838959,0.5081827640533447,0.7560051679611206,0.4125608503818512,-0.18432596325874329,-0.37245509028434756,0.9095609784126282],"Left Arm":[0.029254749417304994,-0.025162529200315477,0.03940948471426964,0.8858034610748291,0.4426156282424927,0.13944055140018464,-0.46157169342041018,0.8092586994171143,0.3633895218372345,0.04799841716885567,-0.3862535059452057,0.9211429953575134],"Torso":[0.09840050339698792,0.07315137982368469,0.07422377169132233,0.9513894319534302,-0.27135002613067629,0.14569580554962159,0.24667491018772126,0.954586386680603,0.1670817732810974,-0.18441689014434815,-0.12302032113075257,0.9751186370849609],"Right Leg":[-0.021226514130830766,-0.03396628797054291,-0.014140568673610688,0.9818474054336548,-0.08138182014226914,-0.17132636904716493,0.08350609987974167,0.9964936375617981,0.005216830875724554,0.17030107975006104,-0.019428925588726999,0.9852005243301392],"Head":[0.008808931335806847,0.011401545256376267,0.00408283993601799,0.9735161066055298,0.19044822454452516,-0.12647484242916108,-0.21467992663383485,0.9517453908920288,-0.21930170059204102,0.07860623300075531,0.24064534902572633,0.9674248695373535]},"t":0.013117999999849417},{"p":{"Left Leg":[-0.29463350772857668,0.03409754857420921,-0.026270728558301927,0.9422226548194885,-0.22205933928489686,-0.25081107020378115,0.2833787500858307,0.9276402592658997,0.24326956272125245,0.1786421835422516,-0.3002886176109314,0.9369705319404602],"Right Arm":[0.006089247763156891,0.0018096942221745849,0.04214765504002571,0.8081926703453064,-0.5791471004486084,-0.1068326085805893,0.5437005758285523,0.664050281047821,0.5132513642311096,-0.2263057976961136,-0.4728909432888031,0.8515631556510925],"Left Arm":[0.05467873439192772,-0.036711156368255618,0.05122306942939758,0.8972598314285278,0.4105564057826996,0.16238278150558473,-0.436070054769516,0.7665801048278809,0.4713786244392395,0.06904809176921845,-0.4937593936920166,0.8668529391288757],"Torso":[0.13027457892894746,0.09860464185476303,0.08146916329860687,0.9108483791351318,-0.36880922317504885,0.18529722094535829,0.3293536305427551,0.9200420379638672,0.2122470885515213,-0.2487598955631256,-0.1322966068983078,0.9594874382019043],"Right Leg":[0.003514903597533703,0.0032309088855981828,-0.00802934356033802,0.97101229429245,-0.08512910455465317,-0.2233564257621765,0.09291685372591019,0.995370626449585,0.024572335183620454,0.2202306091785431,-0.04461362957954407,0.9744270443916321],"Head":[0.012142972089350224,0.01300466526299715,0.0048691448755562309,0.9443908333778381,0.272956520318985,-0.18335935473442079,-0.31339892745018008,0.9159481525421143,-0.25063928961753847,0.0995340645313263,0.29416605830192568,0.9505573511123657]},"t":0.028428099999928237},{"p":{"Left Leg":[-0.411316454410553,0.10498643666505814,-0.031859710812568668,0.929436206817627,-0.17913945019245149,-0.32257938385009768,0.28359925746917727,0.9060990810394287,0.31393614411354067,0.236050546169281,-0.3832668960094452,0.8929650783538818],"Right Arm":[-0.010748187080025673,-0.010256826877593995,0.04515642300248146,0.7650923728942871,-0.6108536124229431,-0.20369459688663484,0.584106981754303,0.525240421295166,0.6188226342201233,-0.27102136611938479,-0.592435896396637,0.7586613297462463],"Left Arm":[0.09352326393127442,-0.04595613107085228,0.0677461251616478,0.911332368850708,0.36490151286125185,0.19057881832122804,-0.40146520733833315,0.6853243112564087,0.6075823307037354,0.09109941869974137,-0.6302201747894287,0.7710534930229187],"Torso":[0.17437195777893067,0.13509789109230042,0.08017059415578842,0.8345578908920288,-0.4949917793273926,0.24185995757579804,0.42808300256729128,0.8589861989021301,0.2808694839477539,-0.3467824459075928,-0.13086572289466859,0.9287713170051575],"Right Leg":[0.06104661896824837,0.0807684063911438,-0.015399455092847348,0.9529825448989868,-0.07769300788640976,-0.292896032333374,0.09584570676088333,0.9942323565483093,0.048120759427547458,0.2874680757522583,-0.07393106818199158,0.9549326300621033],"Head":[0.01721123792231083,0.014879665337502957,0.006180430296808481,0.8869801759719849,0.3710471987724304,-0.27493661642074587,-0.44291526079177859,0.852047860622406,-0.27899906039237978,0.13073734939098359,0.36924025416374209,0.9200920462608337]},"t":0.04306449999967299},{"p":{"Left Leg":[-0.5077565312385559,0.19111277163028718,-0.022299086675047876,0.906903862953186,-0.172927588224411,-0.38421541452407839,0.3303268253803253,0.8578892350196838,0.3935864269733429,0.2615523338317871,-0.4838617146015167,0.8351456522941589],"Right Arm":[-0.029372671619057657,-0.008499926887452603,0.0482143796980381,0.7409267425537109,-0.6054292917251587,-0.29065951704978945,0.5969212055206299,0.3953516185283661,0.6981276273727417,-0.30775418877601626,-0.6907622814178467,0.6543201208114624],"Left Arm":[0.12388458847999573,-0.06256157904863358,0.08595521003007889,0.9003925323486328,0.36375692486763,0.23869255185127259,-0.4164438545703888,0.5617101788520813,0.7148818969726563,0.12596720457077027,-0.7430764436721802,0.6572440266609192],"Torso":[0.2207919955253601,0.17418034374713899,0.06863420456647873,0.7406554222106934,-0.6014522314071655,0.29947414994239809,0.49210941791534426,0.7890776991844177,0.3676745891571045,-0.4574470818042755,-0.12494611740112305,0.8804150223731995],"Right Leg":[0.1263187825679779,0.17332719266414643,-0.05881534889340401,0.926250696182251,-0.12100669741630554,-0.3569552004337311,0.14369133114814759,0.9889070987701416,0.03762323409318924,0.3484428822994232,-0.08613992482423783,0.9333635568618774],"Head":[0.02281545102596283,0.018016157671809198,0.008312399499118328,0.8252448439598084,0.420718252658844,-0.37678515911102297,-0.5411426424980164,0.7799936532974243,-0.314284086227417,0.1616649627685547,0.4632558226585388,0.871354341506958]},"t":0.05854640000006839},{"p":{"Left Leg":[-0.5466743111610413,0.28135985136032107,-0.008188720792531968,0.8892091512680054,-0.19472070038318635,-0.41399383544921877,0.38422930240631106,0.8090569972991943,0.44474098086357119,0.24834434688091279,-0.5545363426208496,0.7942383289337158],"Right Arm":[-0.03777453303337097,0.0027663172222673895,0.048193156719207767,0.7301976084709168,-0.5968807935714722,-0.33248263597488406,0.6027073860168457,0.33352163434028628,0.7249187231063843,-0.3217998743057251,-0.7297236919403076,0.6032811403274536],"Left Arm":[0.13749200105667115,-0.08212114870548248,0.09755402058362961,0.871039867401123,0.4007050693035126,0.28412124514579775,-0.4621528685092926,0.4725218713283539,0.7504250407218933,0.16644561290740968,-0.7849575877189636,0.5967724323272705],"Torso":[0.24846264719963075,0.1983853131532669,0.04533037543296814,0.6811980605125427,-0.6491007208824158,0.3385815918445587,0.5031068921089172,0.7510276436805725,0.4275989830493927,-0.5318389534950256,-0.12093684077262879,0.8381656408309937],"Right Leg":[0.16607820987701417,0.2505892217159271,-0.12099696695804596,0.9098666310310364,-0.16021327674388886,-0.38271987438201907,0.17523370683193208,0.9845167994499207,0.004459261894226074,0.3760796785354614,-0.07112275809049607,0.9238536953926086],"Head":[0.02641976810991764,0.02075183019042015,0.01028900220990181,0.7966437339782715,0.4142405092716217,-0.4401858150959015,-0.5761431455612183,0.7406331896781921,-0.34571895003318789,0.18280544877052308,0.5290248394012451,0.8286826014518738]},"t":0.07357180000008157},{"p":{"Left Leg":[-0.536969006061554,0.34050488471984866,0.003069105092436075,0.8905330896377564,-0.20184653997421266,-0.40768712759017947,0.3938937783241272,0.7904751896858215,0.4690379202365875,0.22759288549423219,-0.5782791972160339,0.7834504246711731],"Right Arm":[-0.03934897854924202,0.012516889721155167,0.04149909317493439,0.7163548469543457,-0.6068904995918274,-0.3442668318748474,0.6197686791419983,0.3268146216869354,0.7134976983070374,-0.3205035924911499,-0.7244833111763,0.610247015953064],"Left Arm":[0.13949309289455415,-0.09047403931617737,0.10055744647979737,0.8465590476989746,0.4353181719779968,0.30632656812667849,-0.49851077795028689,0.44663116335868838,0.7429721355438232,0.1866142749786377,-0.7816768884658814,0.5951104164123535],"Torso":[0.2541089951992035,0.20440134406089784,0.01881531998515129,0.6727269291877747,-0.6467568278312683,0.35936611890792849,0.4843289256095886,0.7521133422851563,0.4469349980354309,-0.5593423247337341,-0.1266137957572937,0.8192099928855896],"Right Leg":[0.18515324592590333,0.3051221966743469,-0.16843676567077638,0.9132333397865295,-0.15687350928783418,-0.3760260045528412,0.16087506711483003,0.9867523312568665,-0.020952921360731126,0.3743315041065216,-0.04135831445455551,0.9263721704483032],"Head":[0.027355482801795007,0.022165335714817048,0.011415907181799412,0.8044015169143677,0.38104456663131716,-0.4557885527610779,-0.5604211091995239,0.7412996888160706,-0.3693277835845947,0.19714556634426118,0.5525213479995728,0.8098480105400086]},"t":0.09177289999979621},{"p":{"Left Leg":[-0.5333101153373718,0.36269131302833559,0.00740977143868804,0.8912458419799805,-0.2057105302810669,-0.40418314933776858,0.39663785696029665,0.785692572593689,0.4747268557548523,0.21990740299224854,-0.5834127068519592,0.7818378210067749],"Right Arm":[-0.04510051757097244,0.01547196600586176,0.03416776284575462,0.7120110988616943,-0.6080276370048523,-0.3512016236782074,0.6264662146568298,0.32417193055152895,0.708838939666748,-0.3171440064907074,-0.7247171401977539,0.6117228269577026],"Left Arm":[0.14047135412693025,-0.09234830737113953,0.1013762354850769,0.8353028893470764,0.4493106007575989,0.316842257976532,-0.5141046047210693,0.43409329652786257,0.7397698760032654,0.19484733045101167,-0.7808219790458679,0.5935920476913452],"Torso":[0.2555510103702545,0.20594576001167298,0.00710531510412693,0.6717425584793091,-0.6444393396377564,0.3653215765953064,0.47718048095703127,0.7536410093307495,0.4520221948623657,-0.5666221976280212,-0.1293182224035263,0.813766598701477],"Right Leg":[0.2000962197780609,0.3370802402496338,-0.17925718426704408,0.9145588874816895,-0.1604638248682022,-0.3712592124938965,0.16170625388622285,0.9864413738250732,-0.02800808474421501,0.3707197308540344,-0.034419890493154529,0.9281067848205566],"Head":[0.02753559872508049,0.02263152040541172,0.011730613186955452,0.8085384964942932,0.36851078271865847,-0.458764910697937,-0.5526909828186035,0.7431897521018982,-0.3770962357521057,0.20198537409305573,0.5584520697593689,0.8045701384544373]},"t":0.1012178999999378},{"p":{"Left Leg":[-0.5295634269714356,0.3902672827243805,0.013699544593691826,0.8924498558044434,-0.21083441376686097,-0.3988509774208069,0.39860549569129946,0.7825636863708496,0.4782339036464691,0.2112981230020523,-0.5857839584350586,0.7824386358261108],"Right Arm":[-0.05987711250782013,0.016083966940641404,0.01850203238427639,0.7075151205062866,-0.6056307554244995,-0.3641893267631531,0.6356525421142578,0.3201788663864136,0.7024467587471008,-0.30881762504577639,-0.7284894585609436,0.6115020513534546],"Left Arm":[0.1422954499721527,-0.09325994551181793,0.10194902867078781,0.8196737766265869,0.46681714057922366,0.3319889008998871,-0.5347076654434204,0.4156273603439331,0.7357591986656189,0.20548132061958314,-0.7805995345115662,0.5902895331382752],"Torso":[0.2566679120063782,0.2070782333612442,-0.009225420653820038,0.6727159023284912,-0.6400335431098938,0.3712282180786133,0.46882620453834536,0.756874680519104,0.4553489685058594,-0.572411835193634,-0.1322789341211319,0.8092261552810669],"Right Leg":[0.22839324176311494,0.38999661803245547,-0.18474750220775605,0.9156579971313477,-0.172459214925766,-0.36308151483535769,0.1721954643726349,0.9844976663589478,-0.033363159745931628,0.363206684589386,-0.0319717638194561,0.9311598539352417],"Head":[0.02763552777469158,0.023049598559737207,0.011984591372311116,0.8141847252845764,0.3537684381008148,-0.46038147807121279,-0.5419646501541138,0.7475114464759827,-0.38405847549438479,0.20827266573905946,0.5622050762176514,0.8003424406051636]},"t":0.11603500000001077},{"p":{"Left Leg":[-0.532318651676178,0.4100925624370575,0.024777259677648546,0.8944878578186035,-0.21216294169425965,-0.39354586601257326,0.3935513198375702,0.7913240790367127,0.4678926467895508,0.21215283870697022,-0.5734047889709473,0.7913268208503723],"Right Arm":[-0.10690928250551224,-0.005845137871801853,-0.023520302027463914,0.7067622542381287,-0.5865375399589539,-0.39555123448371889,0.6477516293525696,0.31171807646751406,0.6951615810394287,-0.2844379246234894,-0.7475329637527466,0.6002412438392639],"Left Arm":[0.14698748290538789,-0.08854633569717407,0.10017700493335724,0.8057489395141602,0.4777550995349884,0.35002654790878298,-0.5525057315826416,0.3934769928455353,0.7347879409790039,0.213321253657341,-0.785446286201477,0.5810061097145081],"Torso":[0.2552865147590637,0.20480503141880036,-0.026793668046593667,0.6806164383888245,-0.631136953830719,0.37205833196640017,0.466320663690567,0.7648715972900391,0.44442829489707949,-0.5650719404220581,-0.12898674607276917,0.8148963451385498],"Right Leg":[0.28632810711860659,0.4799168109893799,-0.16031578183174134,0.9106361269950867,-0.21903730928897859,-0.3503775894641876,0.22543175518512727,0.9739878177642822,-0.022984812036156656,0.3462980091571808,-0.05805545300245285,0.9363264441490173],"Head":[0.027500571683049203,0.022490838542580606,0.011645275168120861,0.8179068565368652,0.34802332520484927,-0.45815736055374148,-0.5327748656272888,0.7587572932243347,-0.3747510313987732,0.2172081023454666,0.5506061315536499,0.8060108423233032]},"t":0.13126710000005915},{"p":{"Left Leg":[-0.5389541387557983,0.41684070229530337,0.03868090733885765,0.8956039547920227,-0.2092391848564148,-0.3925718069076538,0.3851413130760193,0.8063331842422485,0.44887980818748476,0.22262042760849,-0.5532141327857971,0.8027417659759522],"Right Arm":[-0.17216241359710694,-0.048414796590805057,-0.08084917068481446,0.7070015668869019,-0.5559276342391968,-0.43714213371276858,0.6612632274627686,0.30048468708992007,0.6873425841331482,-0.25075823068618777,-0.7750182747840881,0.5800576210021973],"Left Arm":[0.153518408536911,-0.08092810958623886,0.09667300432920456,0.7979732751846314,0.47904783487319949,0.3657209277153015,-0.5628692507743836,0.37543797492980959,0.7363589406013489,0.2154456526041031,-0.7934477925300598,0.5692307949066162],"Torso":[0.25246864557266238,0.19992534816265107,-0.03956904262304306,0.6916986703872681,-0.6206384301185608,0.36927080154418948,0.4689747989177704,0.7748594284057617,0.42385780811309817,-0.549195408821106,-0.12000316381454468,0.8270330429077148],"Right Leg":[0.3478507399559021,0.5794922113418579,-0.12526445090770722,0.89531010389328,-0.28969281911849978,-0.3383752703666687,0.3071950078010559,0.9516445994377136,-0.0019204653799533845,0.3225693702697754,-0.10222780704498291,0.9410092830657959],"Head":[0.02730547823011875,0.021321097388863565,0.01100887730717659,0.819167971611023,0.3493177890777588,-0.4549075961112976,-0.5266228914260864,0.7723050713539124,-0.35526490211486819,0.2272270917892456,0.5305864214897156,0.816606342792511]},"t":0.14627699999982725},{"p":{"Left Leg":[-0.5425335764884949,0.4146462380886078,0.04785439744591713,0.8957611322402954,-0.20740383863449098,-0.3931865990161896,0.37932127714157107,0.8178111910820007,0.43278199434280398,0.23179176449775697,-0.5368133187294006,0.8112361431121826],"Right Arm":[-0.21969085931777955,-0.08049403131008148,-0.12232585996389389,0.7066903114318848,-0.5293578505516052,-0.4694347083568573,0.6718252301216126,0.2939677834510803,0.679877758026123,-0.22189995646476746,-0.7958410978317261,0.5633801817893982],"Left Arm":[0.15901969373226167,-0.07546187192201615,0.0940449982881546,0.7952059507369995,0.47607049345970156,0.375505268573761,-0.5673834085464478,0.36584606766700747,0.7377212047576904,0.21383018791675569,-0.7996958494186401,0.561037540435791],"Torso":[0.24985015392303468,0.19560742378234864,-0.045829154551029208,0.7005144953727722,-0.6135440468788147,0.3644764721393585,0.4722673296928406,0.7814568281173706,0.40778517723083498,-0.5350168347358704,-0.11352913081645966,0.837178647518158],"Right Leg":[0.38834458589553835,0.6492316722869873,-0.10279286652803421,0.8786041736602783,-0.345051646232605,-0.3301425874233246,0.37117356061935427,0.9283990859985352,0.01747424528002739,0.3004745543003082,-0.13789312541484834,0.9437693357467651],"Head":[0.027037719264626504,0.020468080416321756,0.010499818250536919,0.8204224109649658,0.3521295189857483,-0.45045748353004458,-0.5226278305053711,0.7813705801963806,-0.34105753898620608,0.23187777400016786,0.5152328014373779,0.8250865936279297]},"t":0.16114889999971639},{"p":{"Left Leg":[-0.5399424433708191,0.40489739179611208,0.05342920869588852,0.8951216340065002,-0.21066206693649293,-0.39291059970855715,0.37697821855545046,0.8281428217887878,0.4148094952106476,0.23800145089626313,-0.5194237232208252,0.8207035660743713],"Right Arm":[-0.2610419988632202,-0.1032661646604538,-0.1581684648990631,0.7051089406013489,-0.49634894728660586,-0.5064178109169006,0.6852961778640747,0.2935031056404114,0.666502058506012,-0.18218235671520234,-0.8170028328895569,0.5470976829528809],"Left Arm":[0.16623316705226899,-0.07165849208831787,0.0922834649682045,0.7935831546783447,0.4708450138568878,0.3853969871997833,-0.5715859532356262,0.3597281873226166,0.7374857068061829,0.20860329270362855,-0.8055437207221985,0.5546026229858398],"Torso":[0.24631871283054353,0.19051200151443482,-0.04964369535446167,0.7106143236160278,-0.6078400611877441,0.3543412685394287,0.4759325683116913,0.7861960530281067,0.39418771862983706,-0.5181847810745239,-0.11147287487983704,0.8479730486869812],"Right Leg":[0.42588821053504946,0.7153048515319824,-0.09031961858272553,0.8576017022132874,-0.40318307280540469,-0.31931623816490176,0.4379127323627472,0.8980249166488648,0.042234741151332858,0.26972559094429018,-0.17605319619178773,0.9467066526412964],"Head":[0.026410220190882684,0.02000877819955349,0.009975288063287735,0.8250211477279663,0.3545844852924347,-0.44001126289367678,-0.5167242288589478,0.788576602935791,-0.3333810865879059,0.22877085208892823,0.5024109482765198,0.833814799785614]},"t":0.1760418999997455},{"p":{"Left Leg":[-0.5300886034965515,0.39065197110176089,0.05349282920360565,0.8940936923027039,-0.22036093473434449,-0.3899199366569519,0.381059467792511,0.8317478895187378,0.4037191867828369,0.23535118997097016,-0.5095454454421997,0.8276311755180359],"Right Arm":[-0.28007784485816958,-0.10616565495729447,-0.17447715997695924,0.7025139331817627,-0.46953850984573367,-0.5347968339920044,0.6967077851295471,0.3004721701145172,0.6513944268226624,-0.1451631784439087,-0.8302108645439148,0.5382170677185059],"Left Arm":[0.17269864678382874,-0.07156910747289658,0.09230802208185196,0.7932790517807007,0.4657737910747528,0.39212656021118166,-0.5744407176971436,0.3590831458568573,0.7355794906616211,0.20180761814117433,-0.8087732791900635,0.5524125695228577],"Torso":[0.2431822270154953,0.18744298815727235,-0.048172641545534137,0.7178081274032593,-0.606286883354187,0.34229764342308047,0.47790980339050295,0.7865788340568543,0.3910190463066101,-0.5063138008117676,-0.11708925664424896,0.8543631434440613],"Right Leg":[0.4464048147201538,0.7464470863342285,-0.09543725103139878,0.8457695841789246,-0.43597424030303957,-0.3075715899467468,0.4747764468193054,0.877987802028656,0.06103119999170303,0.2434360831975937,-0.19764608144760133,0.9495656490325928],"Head":[0.02560916729271412,0.020315323024988176,0.009683634154498577,0.8323894739151001,0.3536706566810608,-0.42666712403297427,-0.5096038579940796,0.7910264730453491,-0.3384981155395508,0.21778813004493714,0.4991934895515442,0.8386740684509277]},"t":0.1921877999998287},{"p":{"Left Leg":[-0.5181937217712402,0.3745887279510498,0.05276526138186455,0.893730878829956,-0.2314777970314026,-0.3842695355415344,0.3865067958831787,0.8321542739868164,0.3976579010486603,0.22772257030010224,-0.5039219260215759,0.8331897258758545],"Right Arm":[-0.29388299584388735,-0.10637986660003662,-0.18634739518165589,0.6996327042579651,-0.4471544027328491,-0.557285487651825,0.7054996490478516,0.30890408158302309,0.637846827507019,-0.11306826770305634,-0.8394231796264648,0.5315866470336914],"Left Arm":[0.178262397646904,-0.07263484597206116,0.09268655627965927,0.7941063642501831,0.46031653881073,0.396867573261261,-0.5756348371505737,0.3600846529006958,0.7341550588607788,0.19503778219223023,-0.8114479780197144,0.5509197115898132],"Torso":[0.24042795598506928,0.1851898431777954,-0.04313146322965622,0.7231876850128174,-0.606293261051178,0.3307689428329468,0.47938138246536257,0.7854195237159729,0.3915477991104126,-0.4971851706504822,-0.12459808588027954,0.8586513996124268],"Right Leg":[0.4582846462726593,0.7598392367362976,-0.10627610236406326,0.8423015475273132,-0.4511615037918091,-0.29492616653442385,0.4908638596534729,0.8680935502052307,0.07393380254507065,0.22266745567321778,-0.2070431411266327,0.9526554346084595],"Head":[0.024783002212643625,0.02083940990269184,0.009485185146331787,0.840527355670929,0.3507501482963562,-0.4129021167755127,-0.5013050436973572,0.7925364375114441,-0.34724533557891848,0.2054436206817627,0.49885910749435427,0.8419813513755798]},"t":0.20586329999969167},{"p":{"Left Leg":[-0.5117743611335754,0.36653780937194826,0.051706332713365558,0.89424067735672,-0.23636451363563538,-0.3800860047340393,0.3882081210613251,0.8322488069534302,0.39579838514328005,0.22277343273162843,-0.5014914870262146,0.8359894156455994],"Right Arm":[-0.29972755908966067,-0.10641802102327347,-0.19138966500759126,0.6983016729354858,-0.4376678466796875,-0.5664111971855164,0.7089090347290039,0.3132920265197754,0.6318987607955933,-0.0991097241640091,-0.8427900075912476,0.5290390253067017],"Left Arm":[0.18069206178188325,-0.07345054298639298,0.09291943907737732,0.7949526309967041,0.45741233229637148,0.39852771162986758,-0.5755613446235657,0.36097413301467898,0.7337757349014282,0.19177988171577454,-0.8126940727233887,0.5502262115478516],"Torso":[0.23921126127243043,0.1833217293024063,-0.04024719446897507,0.7257287502288818,-0.6063036322593689,0.3251364529132843,0.48038941621780398,0.7848905920982361,0.3913729786872864,-0.4924874007701874,-0.12783855199813844,0.8608794808387756],"Right Leg":[0.46155452728271487,0.7643874883651733,-0.1123381033539772,0.8426185846328735,-0.45468655228614809,-0.28853797912597659,0.49421361088752749,0.8657446503639221,0.07898834347724915,0.21388530731201173,-0.20915642380714417,0.9542047381401062],"Head":[0.024312006309628488,0.02109479159116745,0.009364203549921513,0.8450019955635071,0.3491274118423462,-0.4050699472427368,-0.4964413642883301,0.7937179803848267,-0.3515078127384186,0.1987903118133545,0.49811825156211855,0.844014585018158]},"t":0.21876149999980044},{"p":{"Left Leg":[-0.5002062320709229,0.35111868381500246,0.047162752598524097,0.8966988325119019,-0.2429942488670349,-0.3699796199798584,0.3880525231361389,0.8336592316627502,0.39297252893447878,0.2129468470811844,-0.49594956636428835,0.8418358564376831],"Right Arm":[-0.30996209383010867,-0.1063905730843544,-0.2002599537372589,0.6958199739456177,-0.4209885597229004,-0.581896185874939,0.7143917083740234,0.32218974828720095,0.6211587190628052,-0.07401975989341736,-0.8479164838790894,0.524936854839325],"Left Arm":[0.18507468700408936,-0.07542947679758072,0.09343574196100235,0.7971855998039246,0.4513978362083435,0.40091753005981448,-0.5745503306388855,0.3632585406303406,0.7334405183792114,0.18543674051761628,-0.8150355815887451,0.5489352941513062],"Torso":[0.2369949072599411,0.17775559425354005,-0.035053856670856479,0.7305073738098145,-0.6063157916069031,0.3142296075820923,0.48408767580986025,0.7843101620674133,0.38796481490135195,-0.4816826581954956,-0.13129648566246034,0.8664543032646179],"Right Leg":[0.4613415598869324,0.776644229888916,-0.12591157853603364,0.8435071110725403,-0.46004894375801089,-0.2772196829319,0.49918070435523989,0.8619747161865234,0.08842043578624726,0.19827862083911897,-0.2129659801721573,0.9567293524742127],"Head":[0.02323722653090954,0.021460065618157388,0.009015023708343506,0.8541374206542969,0.3472284972667694,-0.38714557886123659,-0.48621466755867007,0.7973209023475647,-0.35759565234184267,0.18451184034347535,0.4936716854572296,0.8498492240905762]},"t":0.23372829999971146},{"p":{"Left Leg":[-0.49338775873184206,0.3378693163394928,0.038115762174129489,0.9015309810638428,-0.24311283230781556,-0.35796377062797549,0.38128355145454409,0.8374722003936768,0.3914884626865387,0.20460882782936097,-0.4894246757030487,0.8477020263671875],"Right Arm":[-0.31807461380958559,-0.10623527318239212,-0.2073536366224289,0.6938944458961487,-0.40765661001205447,-0.5935708284378052,0.7181157469749451,0.33097243309020998,0.6121820211410523,-0.05310443043708801,-0.8510423898696899,0.5224046111106873],"Left Arm":[0.18875031173229218,-0.07784748077392578,0.09402212500572205,0.8001407980918884,0.44515857100486758,0.4020054340362549,-0.5723644495010376,0.3662368953227997,0.7336684465408325,0.1793695092201233,-0.817131757736206,0.547834038734436],"Torso":[0.23504281044006349,0.16998444497585298,-0.03145541995763779,0.7341553568840027,-0.6067233085632324,0.30479949712753298,0.4911196231842041,0.784492015838623,0.3786473274230957,-0.4688469171524048,-0.1282929629087448,0.8739127516746521],"Right Leg":[0.44859784841537478,0.7974642515182495,-0.14239074289798737,0.8419250249862671,-0.4671449065208435,-0.27007001638412478,0.506526529788971,0.8567330837249756,0.09715575724840164,0.18599209189414979,-0.2185955047607422,0.957926332950592],"Head":[0.021994955837726594,0.021493038162589074,0.008481420576572419,0.8627893924713135,0.34831857681274416,-0.366426944732666,-0.47630250453948977,0.803032398223877,-0.35815495252609255,0.1695006936788559,0.4835423231124878,0.8587527871131897]},"t":0.2488589999998112},{"p":{"Left Leg":[-0.49096229672431948,0.3298443555831909,0.03014902025461197,0.9059039354324341,-0.2409159243106842,-0.34827786684036257,0.37424829602241518,0.840317964553833,0.39217838644981387,0.1981821060180664,-0.48561838269233706,0.8514097332954407],"Right Arm":[-0.32304057478904726,-0.10607997328042984,-0.21171079576015473,0.6928322315216065,-0.39947810769081118,-0.6003338098526001,0.7200033664703369,0.3373636305332184,0.606449544429779,-0.039732515811920169,-0.8524101376533508,0.5213619470596314],"Left Arm":[0.1911170482635498,-0.07985739409923554,0.09449516981840134,0.8027019500732422,0.4404008984565735,0.4021400213241577,-0.5701244473457336,0.36879023909568789,0.7341334223747253,0.17500774562358857,-0.8185601830482483,0.547111988067627],"Torso":[0.2336636632680893,0.16462242603302003,-0.029272574931383134,0.7358570098876953,-0.6073562502861023,0.2993873953819275,0.49695760011672976,0.7847192287445068,0.37047111988067629,-0.4599429965019226,-0.1238308995962143,0.8792715072631836],"Right Leg":[0.43560701608657839,0.8138065934181213,-0.15521205961704255,0.8394720554351807,-0.4734305441379547,-0.2667399048805237,0.5130311846733093,0.8523058891296387,0.10185083746910095,0.17912466824054719,-0.22234684228897096,0.958371639251709],"Head":[0.021084969863295556,0.0214067455381155,0.008064539171755314,0.8686511516571045,0.34933823347091677,-0.35129469633102419,-0.4691472053527832,0.8078864812850952,-0.35667967796325686,0.1592044234275818,0.4746391177177429,0.8656625747680664]},"t":0.2631774999999834},{"p":{"Left Leg":[-0.48698869347572329,0.32297614216804507,0.022687159478664399,0.9110264778137207,-0.2412146031856537,-0.33443424105644228,0.368617445230484,0.8399010300636292,0.3983559012413025,0.18480238318443299,-0.4861910939216614,0.8540880084037781],"Right Arm":[-0.32805371284484866,-0.10580986738204956,-0.21615664660930634,0.6921871900558472,-0.3910728693008423,-0.6065796613693237,0.7212750911712647,0.345402330160141,0.6003826856613159,-0.02527943253517151,-0.8530880212783814,0.5211542248725891],"Left Arm":[0.1937197744846344,-0.08276500552892685,0.09512314200401306,0.8065696954727173,0.43399477005004885,0.40136489272117617,-0.5663051605224609,0.3725510537624359,0.7351898550987244,0.1695396602153778,-0.8202769160270691,0.5462619066238403],"Torso":[0.2319050282239914,0.16154201328754426,-0.025976121425628663,0.7370449900627136,-0.6078464388847351,0.2954442799091339,0.500652015209198,0.7847097516059876,0.3654834032058716,-0.45399579405784609,-0.12146294862031937,0.8826859593391419],"Right Leg":[0.4291324019432068,0.8228697776794434,-0.1664501130580902,0.8377208709716797,-0.4794142246246338,-0.26150670647621157,0.517803966999054,0.8494622707366943,0.10145409405231476,0.17350155115127564,-0.2203994244337082,0.9598548412322998],"Head":[0.02016821876168251,0.02149374783039093,0.007736384868621826,0.8760656118392944,0.34582599997520449,-0.3360258936882019,-0.4584408104419708,0.8133775591850281,-0.35811859369277956,0.14946919679641725,0.4677833914756775,0.8711128830909729]},"t":0.27872309999975189},{"p":{"Left Leg":[-0.4766606390476227,0.31776779890060427,0.020793011412024499,0.9133961796760559,-0.24998444318771363,-0.32127106189727785,0.37181538343429568,0.8336206674575806,0.40844807028770449,0.16571255028247834,-0.4925284683704376,0.8543740510940552],"Right Arm":[-0.33164677023887637,-0.10548185557126999,-0.21937531232833863,0.6921892166137695,-0.38491588830947878,-0.6105029582977295,0.7215821146965027,0.35280513763427737,0.5956909656524658,-0.013902336359024048,-0.8528589010238648,0.5219563245773315],"Left Arm":[0.1958140879869461,-0.08574960380792618,0.09572777152061463,0.8107364177703857,0.42766380310058596,0.39976269006729128,-0.5618381500244141,0.3765912353992462,0.7365574836730957,0.16445191204547883,-0.8217558860778809,0.5455940961837769],"Torso":[0.23034492135047913,0.16214434802532197,-0.02144455537199974,0.7377779483795166,-0.6085200905799866,0.2922106385231018,0.4988524615764618,0.783118486404419,0.3713107705116272,-0.4547855854034424,-0.12817493081092835,0.8813292980194092],"Right Leg":[0.4382725656032562,0.8137679696083069,-0.16980163753032685,0.8405646681785584,-0.4787435531616211,-0.25348690152168276,0.5141738057136536,0.8523918390274048,0.09514990448951721,0.17051774263381959,-0.21031597256660462,0.9626478552818298],"Head":[0.019603058695793153,0.022083330899477006,0.007767531555145979,0.8834334015846252,0.3360205292701721,-0.32655107975006106,-0.44628387689590456,0.8157476782798767,-0.3679489195346832,0.14274489879608155,0.47079285979270937,0.8706192970275879]},"t":0.2944273999996767},{"p":{"Left Leg":[-0.4653107225894928,0.31343287229537966,0.021404573693871499,0.9134224057197571,-0.2603725790977478,-0.31283485889434817,0.3782302141189575,0.8269094824790955,0.4161281883716583,0.15033775568008424,-0.49842438101768496,0.8537983894348145],"Right Arm":[-0.3335164189338684,-0.10523585230112076,-0.2210727483034134,0.6926039457321167,-0.38151419162750246,-0.6121656894683838,0.721281886100769,0.3577955961227417,0.5930723547935486,-0.007235348224639893,-0.8523082137107849,0.5229898691177368],"Left Arm":[0.1970755159854889,-0.08795711398124695,0.09616576880216599,0.8139823079109192,0.42298567295074465,0.39814072847366335,-0.558173656463623,0.37974056601524355,0.7377257943153381,0.16085726022720338,-0.822727382183075,0.5452015399932861],"Torso":[0.22937381267547608,0.16299405694007874,-0.01752549409866333,0.7383360862731934,-0.6094704270362854,0.28880012035369875,0.49588197469711306,0.7808141112327576,0.38003984093666079,-0.457122266292572,-0.13738635182380677,0.8787286877632141],"Right Leg":[0.4487459659576416,0.8007199764251709,-0.1699765920639038,0.8449392318725586,-0.4743828773498535,-0.24706000089645387,0.5074069499969482,0.8570206165313721,0.08974391967058182,0.1691625416278839,-0.2011881172657013,0.9648354649543762],"Head":[0.019286617636680604,0.02274690568447113,0.007934748195111752,0.8886855840682983,0.32710033655166628,-0.32131510972976687,-0.43722599744796755,0.815601110458374,-0.3789832293987274,0.13809946179389954,0.4772842228412628,0.8678296804428101]},"t":0.30927139999994326},{"p":{"Left Leg":[-0.45048949122428896,0.30771538615226748,0.022719236090779306,0.912749171257019,-0.2738216519355774,-0.3031677305698395,0.38676494359970095,0.8181604743003845,0.42547184228897097,0.13153645396232606,-0.5056037306785584,0.8526799082756043],"Right Arm":[-0.3351842164993286,-0.10493629425764084,-0.22259630262851716,0.6935728788375855,-0.37814298272132876,-0.6131596565246582,0.7203865051269531,0.36364269256591799,0.5905992388725281,-0.0003599822521209717,-0.8513354659080505,0.5246217250823975],"Left Arm":[0.1984332650899887,-0.09073838591575623,0.09666871279478073,0.8183123469352722,0.4169252812862396,0.3956492245197296,-0.5531017184257507,0.3839603662490845,0.7393598556518555,0.1563442051410675,-0.8238614797592163,0.5448015928268433],"Torso":[0.2282194048166275,0.1641470491886139,-0.012300066649913788,0.7390793561935425,-0.6106970906257629,0.28427210450172427,0.4919210374355316,0.7776102423667908,0.3915812373161316,-0.46019044518470766,-0.14957016706466676,0.8751305341720581],"Right Leg":[0.46198782324790957,0.7834093570709229,-0.16934269666671754,0.8507753014564514,-0.46752962470054629,-0.23999476432800294,0.49797770380973818,0.86312335729599,0.08388278633356095,0.16792741417884828,-0.19087743759155274,0.9671432971954346],"Head":[0.018914876505732538,0.02359740063548088,0.008176063187420369,0.8949531316757202,0.3158530592918396,-0.31511223316192629,-0.42600953578948977,0.8148143887519836,-0.3931836783885956,0.13256971538066865,0.48612180352211,0.8637771010398865]},"t":0.3234081000000515},{"p":{"Left Leg":[-0.44328853487968447,0.3037305474281311,0.02256321720778942,0.9129922389984131,-0.27989205718040469,-0.29682594537734988,0.3895898163318634,0.8140867948532105,0.43067675828933718,0.12109909951686859,-0.5088449120521545,0.8522980213165283],"Right Arm":[-0.335915207862854,-0.10475538671016693,-0.2232491374015808,0.6945436000823975,-0.37634414434432986,-0.6131675839424133,0.719443142414093,0.3672253489494324,0.5895313620567322,0.003304004669189453,-0.8505943417549133,0.5258121490478516],"Left Arm":[0.19922690093517304,-0.09263268858194351,0.09697894752025604,0.8214422464370728,0.41267138719558718,0.39361777901649477,-0.549296498298645,0.3869709372520447,0.7406259775161743,0.15331652760505677,-0.8245943784713745,0.5445532202720642],"Torso":[0.22741252183914185,0.16462871432304383,-0.008852047845721245,0.7396608591079712,-0.6111351251602173,0.28180772066116335,0.49042579531669619,0.7762391567230225,0.39615052938461306,-0.4608517289161682,-0.15481126308441163,0.8738702535629273],"Right Leg":[0.46778300404548647,0.7767735123634338,-0.16944675147533418,0.8531060218811035,-0.464607834815979,-0.23738093674182893,0.49424976110458376,0.8653995394706726,0.08246678113937378,0.16711466014385224,-0.18767836689949037,0.9679098725318909],"Head":[0.018614821135997773,0.023980451747775079,0.008244162425398827,0.8987680673599243,0.30993399024009707,-0.3100917637348175,-0.41901716589927676,0.8153446316719055,-0.3995469808578491,0.12899848818778993,0.4890338182449341,0.8626733422279358]},"t":0.33856409999998507},{"p":{"Left Leg":[-0.4390922784805298,0.29930180311203005,0.02070869319140911,0.9146014451980591,-0.2815926671028137,-0.29018911719322207,0.38809388875961306,0.8127902746200562,0.43445950746536257,0.11352229118347168,-0.5099779367446899,0.8526635766029358],"Right Arm":[-0.3364643156528473,-0.10458652675151825,-0.22372005879878999,0.6960120797157288,-0.3744660019874573,-0.612652063369751,0.7179980874061585,0.3710368573665619,0.5889062285423279,0.006791144609451294,-0.8497688174247742,0.5271120071411133],"Left Arm":[0.20008715987205506,-0.0948348417878151,0.09730396419763565,0.8254077434539795,0.40733081102371218,0.3908752501010895,-0.544366180896759,0.39085227251052859,0.7422263622283936,0.14955714344978333,-0.8254187107086182,0.5443496704101563],"Torso":[0.2263774871826172,0.16277675330638886,-0.005303163081407547,0.7399965524673462,-0.6117690205574036,0.2795419692993164,0.4916324019432068,0.775592029094696,0.39592236280441286,-0.4590235948562622,-0.15554927289485932,0.8747009634971619],"Right Leg":[0.4564071297645569,0.7864277362823486,-0.17768089473247529,0.8457555174827576,-0.4753532409667969,-0.2423570156097412,0.5074824094772339,0.8569269180297852,0.09021002054214478,0.16480061411857606,-0.1992875337600708,0.965984046459198],"Head":[0.01818174496293068,0.024098724126815797,0.008145211264491082,0.9023252725601196,0.30670952796936037,-0.30288347601890566,-0.41268694400787356,0.8176068663597107,-0.401507705450058,0.12449339032173157,0.48728659749031069,0.8643223643302918]},"t":0.35288149999996679},{"p":{"Left Leg":[-0.43907758593559267,0.2971976697444916,0.019038084894418718,0.9158345460891724,-0.27990952134132388,-0.2879195809364319,0.3854808509349823,0.8136785626411438,0.43512263894081118,0.11247904598712921,-0.5094878673553467,0.8530946969985962],"Right Arm":[-0.3366505801677704,-0.10453632473945618,-0.223857119679451,0.6971656084060669,-0.37325048446655276,-0.6120817065238953,0.7168596982955933,0.3730562925338745,0.5890169739723206,0.00849008560180664,-0.8494191765785217,0.5276502966880798],"Left Arm":[0.20060525834560395,-0.0961531326174736,0.09745413810014725,0.8281567096710205,0.4036620557308197,0.38886144757270815,-0.5408658981323242,0.39353445172309878,0.743367075920105,0.14703866839408875,-0.8259464502334595,0.5442352294921875],"Torso":[0.2256144881248474,0.16026265919208527,-0.0037711397744715215,0.7396041750907898,-0.6127703785896301,0.2783849239349365,0.4941863715648651,0.7752242088317871,0.3934555649757385,-0.456908643245697,-0.1534273475408554,0.8761818408966065],"Right Leg":[0.4390082061290741,0.8012050986289978,-0.18735800683498383,0.8353856801986694,-0.4893498122692108,-0.25033485889434817,0.5249940752983093,0.8452504277229309,0.09966389834880829,0.16282513737678529,-0.21468211710453034,0.9630158543586731],"Head":[0.017931245267391206,0.02400418557226658,0.008013653568923474,0.9035500288009644,0.3071788549423218,-0.29872819781303408,-0.410772442817688,0.8193475604057312,-0.39991939067840578,0.12191542983055115,0.4840564727783203,0.8665021061897278]},"t":0.36639119999972538},{"p":{"Left Leg":[-0.4403255581855774,0.29637134075164797,0.01779145933687687,0.9163606762886047,-0.2780640423297882,-0.28803372383117678,0.3838590085506439,0.8146153092384338,0.43480348587036135,0.11373342573642731,-0.5090011954307556,0.8532188534736633],"Right Arm