[{"p":{"Left Leg":[-0.19552499055862428,0.21884720027446748,0.04713789373636246,0.9252703189849854,0.3306322991847992,0.18589535355567933,-0.3328663408756256,0.9427620768547058,-0.019991068169474603,-0.18186476826667787,-0.04338117688894272,0.982366144657135],"Right Arm":[0.24817326664924622,-0.0915488749742508,0.00593971274793148,0.755529522895813,-0.5877699851989746,0.28931233286857607,0.5057867765426636,0.8040222525596619,0.3126148581504822,-0.41635915637016299,-0.08985940366983414,0.904748797416687],"Left Arm":[-0.2854803800582886,-0.12443993985652924,-0.0009904354810714722,0.8404098749160767,0.538066029548645,-0.06477811932563782,-0.5183346271514893,0.8329249620437622,0.19381766021251679,0.15824200212955476,-0.1293095499277115,0.9788966178894043],"Torso":[-0.02962717041373253,-0.08712618798017502,-0.22319824993610383,0.9662678241729736,0.2534789741039276,-0.04555026441812515,-0.25751909613609316,0.9487519860267639,-0.18317623436450959,-0.003215443342924118,0.18872736394405366,0.9820242524147034],"Right Leg":[0.11100999265909195,0.10345183312892914,0.011809599585831166,0.9878812432289124,0.15357539057731629,0.022477779537439348,-0.15453529357910157,0.9867125153541565,0.0501723438501358,-0.01447386760264635,-0.05303792655467987,0.9984875917434692],"Head":[6.823182019388696e-9,-4.7265952929365088e-8,2.860102483737137e-7,0.9808733463287354,-0.19403868913650514,0.015378152020275593,0.19463753700256349,0.9785432815551758,-0.0675959587097168,-0.0019319439306855202,0.06929624080657959,0.9975942373275757]},"t":0.0010986000002048968},{"p":{"Left Leg":[-0.29072046279907229,0.34215766191482546,0.07070644944906235,0.8362916707992554,0.4753384292125702,0.27325743436813357,-0.4803442656993866,0.8754857778549194,-0.0528591051697731,-0.26435893774032595,-0.08705202490091324,0.9604875445365906],"Right Arm":[0.3564096689224243,-0.13938282430171967,-0.00296730175614357,0.45379510521888735,-0.8256664276123047,0.33517900109291079,0.6639573574066162,0.5641586184501648,0.4908011555671692,-0.5943320989608765,-0.0001785755157470703,0.8042197227478027],"Left Arm":[-0.41262367367744448,-0.1757904589176178,-0.01339891366660595,0.6314465403556824,0.7738931775093079,-0.04862697422504425,-0.7362056374549866,0.618023693561554,0.2757679224014282,0.2434675246477127,-0.138333261013031,0.9599934816360474],"Torso":[-0.04451349377632141,-0.12525621056556703,-0.3465162515640259,0.9236463308334351,0.3717655837535858,-0.09310071170330048,-0.38201817870140078,0.8736788630485535,-0.3012429177761078,-0.030651643872261049,0.3138081133365631,0.9489915370941162],"Right Leg":[0.16651490330696107,0.14755743741989137,0.017714397981762887,0.9771324992179871,0.2095787078142166,0.0359007753431797,-0.21174325048923493,0.9744970798492432,0.07429825514554978,-0.019413858652114869,-0.08020099252462387,0.9965896606445313],"Head":[6.208816216712876e-8,-6.263032759079579e-8,3.1680707479608829e-7,0.9572232961654663,-0.2883037328720093,0.024586644023656846,0.28934723138809206,0.9541385769844055,-0.0767965242266655,-0.001318340189754963,0.0806254968047142,0.9967435598373413]},"t":0.014891799999986688},{"p":{"Left Leg":[-0.410921186208725,0.4343288540840149,0.05302983522415161,0.8212478160858154,0.5327785015106201,0.20420360565185548,-0.5355854034423828,0.8432245850563049,-0.046050332486629489,-0.19672411680221559,-0.07154972106218338,0.9778447151184082],"Right Arm":[0.4410235285758972,-0.15661056339740754,-0.033911846578121188,0.41800808906555178,-0.8657000064849854,0.2753775119781494,0.6770150661468506,0.4989863634109497,0.5409836769104004,-0.605739176273346,-0.039700835943222049,0.7946723103523254],"Left Arm":[-0.48385509848594668,-0.1797495186328888,-0.04183211922645569,0.5603871941566467,0.8254802227020264,-0.06744380295276642,-0.7599120140075684,0.5448404550552368,0.3545174300670624,0.329393208026886,-0.1474156677722931,0.9326139092445374],"Torso":[-0.03338512033224106,-0.18552151322364808,-0.4138447344303131,0.9571285843849182,0.2789442539215088,-0.07807055115699768,-0.28798890113830569,0.8874420523643494,-0.35987356305122378,-0.03110158070921898,0.36692872643470766,0.9297289848327637],"Right Leg":[0.12488618493080139,0.11066806316375733,0.013285798020660878,0.9701741337776184,0.24081207811832429,0.027778981253504754,-0.24202702939510346,0.9686949253082275,0.055254824459552768,-0.01360333152115345,-0.06033006310462952,0.9980857968330383],"Head":[4.656611807263289e-8,-5.01779879868991e-8,2.3119478953503859e-7,0.9759536385536194,-0.21759171783924104,0.012972785159945488,0.2178794890642166,0.9755730032920837,-0.028033273294568063,-0.006556089501827955,0.030185678973793985,0.9995228052139282]},"t":0.025544000000081725},{"p":{"Left Leg":[-0.56969153881073,0.570838212966919,0.029461011290550233,0.792057454586029,0.6000469326972961,0.11219938844442368,-0.6009035706520081,0.7987649440765381,-0.02982429787516594,-0.10751690715551377,-0.04379846528172493,0.993238091468811],"Right Arm":[0.5445960760116577,-0.18304049968719483,-0.0820993110537529,0.3487829566001892,-0.9169525504112244,0.19377447664737702,0.7023894190788269,0.39263391494750979,0.5937067270278931,-0.6204833388328552,-0.07096967101097107,0.7810017466545105],"Left Arm":[-0.5697321891784668,-0.18757781386375428,-0.08669248223304749,0.4425734281539917,0.8928366899490356,-0.08349534869194031,-0.7826715707778931,0.4300463795661926,0.4499836564064026,0.4376687705516815,-0.13380134105682374,0.8891249895095825],"Torso":[-0.018547285348176957,-0.26367563009262087,-0.5124920606613159,0.9869210720062256,0.15329892933368684,-0.04986195266246796,-0.15941442549228669,0.8821418881416321,-0.4431847631931305,-0.023954449221491815,0.44533708691596987,0.8950424790382385],"Right Leg":[0.06938119977712631,0.061482228338718417,0.007380996365100145,0.9626747965812683,0.27019551396369936,0.015861375257372857,-0.27056899666786196,0.9622201323509216,0.03041169047355652,-0.007045028731226921,-0.03356816619634628,0.9994115829467773],"Head":[2.5870059872090679e-8,-3.385526525789828e-8,1.1648429421029505e-7,0.9926252365112305,-0.12120005488395691,0.002380669815465808,0.120926633477211,0.9913773536682129,0.0504738911986351,-0.008477594703435898,-0.04981376975774765,0.9987225532531738]},"t":0.040804799999932587},{"p":{"Left Leg":[-0.6876461505889893,0.6834308505058289,0.01178439799696207,0.7644302248954773,0.6431810259819031,0.04432293027639389,-0.6433163285255432,0.7654894590377808,-0.013037335127592087,-0.04231410473585129,-0.018547534942626954,0.9989321231842041],"Right Arm":[0.6153410077095032,-0.2054576426744461,-0.12343591451644898,0.2794705629348755,-0.951093316078186,0.13159584999084474,0.7239288091659546,0.29875805974006655,0.6218283772468567,-0.6307321786880493,-0.07851672172546387,0.7720179557800293],"Left Arm":[-0.6273164749145508,-0.1953611671924591,-0.12554976344108582,0.33735767006874087,0.9372707605361939,-0.08782511949539185,-0.7907029390335083,0.33275389671325686,0.5138713121414185,0.5108607411384583,-0.10391479730606079,0.8533599376678467],"Torso":[-0.007418910041451454,-0.3206414580345154,-0.5931344032287598,0.9979407787322998,0.06027243658900261,-0.021942492574453355,-0.0630616694688797,0.8594023585319519,-0.5073961019515991,-0.011724576354026795,0.507735013961792,0.8614335060119629],"Right Leg":[0.027752477675676347,0.024592865258455278,0.0029523971024900676,0.9590408205986023,0.2831951677799225,0.006415107287466526,-0.2832547128200531,0.9589683413505554,0.012103034183382988,-0.0027243634685873987,-0.013424413278698922,0.9999061822891235],"Head":[1.0348018442130069e-8,-2.1823527873721106e-8,3.003084003694312e-8,0.9988311529159546,-0.04833061248064041,-0.0007047443650662899,0.04807352274656296,0.9917901158332825,0.11849557608366013,-0.00502802524715662,-0.11839095503091812,0.9929543137550354]},"t":0.0554044000000431},{"p":{"Left Leg":[-0.7631808519363403,0.786693811416626,0,0.7490464448928833,0.6625174283981323,0,-0.6625174283981323,0.7490464448928833,-0,-0,0,1],"Right Arm":[0.6433519124984741,-0.22756873071193696,-0.16534461081027986,0.18629759550094605,-0.9778978228569031,0.09491592645645142,0.7539826035499573,0.20423881709575654,0.6243369579315186,-0.6299232840538025,-0.04474744200706482,0.775367259979248],"Left Arm":[-0.6468597054481506,-0.20583125948905946,-0.16584981977939607,0.23038941621780396,0.9688437581062317,-0.0908980518579483,-0.8042121529579163,0.24216362833976746,0.542770266532898,0.5478718280792236,-0.05194723606109619,0.8349478840827942],"Torso":[0,-0.3540622293949127,-0.6652817726135254,1,0,0,0,0.8244056701660156,-0.5659993290901184,0,0.5659993290901184,0.8244056701660156],"Right Leg":[2.1122287918728945e-8,-2.8163050558305259e-8,0,0.9634230732917786,0.2679850459098816,0,-0.2679850459098816,0.9634230732917786,-0,-0,0,1],"Head":[0,-1.4383200408474295e-8,-2.876640081694859e-8,1,-0,0,0,0.9820454716682434,0.18864428997039796,-0,-0.18864428997039796,0.9820454716682434]},"t":0.07139109999980065},{"p":{"Left Leg":[-0.7593303918838501,0.8217021226882935,0,0.7568527460098267,0.6535854339599609,0,-0.6535854339599609,0.7568527460098267,-0,-0,0,1],"Right Arm":[0.6195766925811768,-0.23646485805511475,-0.18315954506397248,0.128122478723526,-0.9864063262939453,0.102894127368927,0.7759466171264648,0.1643146127462387,0.609021782875061,-0.6176499724388123,0.0018109381198883057,0.7864511013031006],"Left Arm":[-0.6234644651412964,-0.21238718926906587,-0.1837196797132492,0.18574398756027223,0.9777542352676392,-0.09744678437709809,-0.8228862285614014,0.20898398756980897,0.5283786058425903,0.5369892120361328,-0.017955511808395387,0.8433980345726013],"Torso":[0,-0.34840598702430727,-0.6881055235862732,1,0,0,0,0.8076899647712708,-0.5896074175834656,0,0.5896074175834656,0.8076899647712708],"Right Leg":[2.431539236624758e-8,-3.242052315499677e-8,0,0.9711866974830627,0.23831988871097566,0,-0.23831988871097566,0.9711866974830627,-0,-0,0,1],"Head":[0,-1.5104223649586858e-8,-3.020844729917371e-8,1,-0,0,0,0.9754825234413147,0.22007697820663453,-0,-0.22007697820663453,0.9754825234413147]},"t":0.08359350000000632},{"p":{"Left Leg":[-0.7554799914360046,0.8567104339599609,0,0.7645525932312012,0.6445613503456116,0,-0.6445613503456116,0.7645525932312012,-0,-0,0,1],"Right Arm":[0.5958014726638794,-0.24536097049713136,-0.2009744942188263,0.06935273110866547,-0.9913346767425537,0.11156018078327179,0.7948298454284668,0.12248986214399338,0.5943413972854614,-0.6028562784194946,0.04745215177536011,0.7964373826980591],"Left Arm":[-0.6000692844390869,-0.21894311904907227,-0.20158952474594117,0.14062832295894624,0.9845281839370728,-0.10453714430332184,-0.8396035432815552,0.17454572021961213,0.514392614364624,0.524680495262146,0.015431597828865052,0.851159393787384],"Torso":[0,-0.3427497446537018,-0.710929274559021,1,0,0,0,0.790298342704773,-0.6127222180366516,0,0.6127222180366516,0.790298342704773],"Right Leg":[2.7508491484695697e-8,-3.667798864626093e-8,0,0.9780370593070984,0.20843110978603364,0,-0.20843110978603364,0.9780370593070984,-0,-0,0,1],"Head":[0,-1.5825246890699419e-8,-3.1650493781398839e-8,1,-0,0,0,0.9679135680198669,0.2512833774089813,-0,-0.2512833774089813,0.9679135680198669]},"t":0.09896389999994426},{"p":{"Left Leg":[-0.7503460645675659,0.903388261795044,0,0.7746515870094299,0.6323882341384888,0,-0.6323882341384888,0.7746515870094299,-0,-0,0,1],"Right Arm":[0.5641010999679565,-0.2572224736213684,-0.2247277945280075,-0.009541571140289307,-0.9922314286231995,0.12403896450996399,0.8150221705436707,0.06415175646543503,0.5758673548698425,-0.5793510675430298,0.10658912360668183,0.808078408241272],"Left Arm":[-0.5688755512237549,-0.2276843786239624,-0.22541603446006776,0.07992613315582276,0.9901719689369202,-0.11476598680019379,-0.8587507605552673,0.1268579661846161,0.49644142389297488,0.5061213374137878,0.05887676775455475,0.860450267791748],"Torso":[0,-0.33520805835723879,-0.7413610219955444,1,0,0,0,0.7660831809043884,-0.6427413821220398,0,0.6427413821220398,0.7660831809043884],"Right Leg":[3.176597118681457e-8,-4.235462824908609e-8,0,0.9857393503189087,0.16827918589115144,0,-0.16827918589115144,0.9857393503189087,-0,-0,0,1],"Head":[0,-1.6786611212182835e-8,-3.357322242436567e-8,1,-0,0,0,0.9562703967094421,0.2924840748310089,-0,-0.2924840748310089,0.9562703967094421]},"t":0.1147980999999163},{"p":{"Left Leg":[-0.745212197303772,0.9500662088394165,0,0.7845566272735596,0.620057225227356,0,-0.620057225227356,0.7845566272735596,-0,-0,0,1],"Right Arm":[0.5670380592346191,-0.26643049716949465,-0.23435012996196748,-0.08046437799930573,-0.9903915524482727,0.11247259378433228,0.8294917941093445,-0.003966182470321655,0.5585048198699951,-0.5526923537254334,0.13823480904102326,0.8218406438827515],"Left Arm":[-0.5720180869102478,-0.23562797904014588,-0.23506811261177064,0.01557689905166626,0.9944573044776917,-0.1039821058511734,-0.8748350739479065,0.06391225755214691,0.480186402797699,0.4841705560684204,0.0834873765707016,0.8709816336631775],"Torso":[0,-0.32766637206077578,-0.7717927098274231,1,0,0,0,0.7407281398773193,-0.6718048453330994,0,0.6718048453330994,0.7407281398773193],"Right Leg":[3.602345088893344e-8,-4.803126785191125e-8,0,0.9917939305305481,0.12784665822982789,0,-0.12784665822982789,0.9917939305305481,-0,-0,0,1],"Head":[0,-1.7747979086379929e-8,-3.5495958172759859e-8,1,-0,0,0,0.9428743124008179,0.333148717880249,-0,-0.333148717880249,0.9428743124008179]},"t":0.12962199999992664},{"p":{"Left Leg":[-0.7413617372512817,0.9850744605064392,0,0.7918567061424255,0.6107068657875061,0,-0.6107068657875061,0.7918567061424255,-0,-0,0,1],"Right Arm":[0.5995867252349854,-0.27101176977157595,-0.22918669879436494,-0.12722602486610413,-0.9884063601493836,0.08286482095718384,0.8365644812583923,-0.06204509735107422,0.5443440675735474,-0.5328917503356934,0.13857655227184297,0.8347593545913696],"Left Arm":[-0.6044570207595825,-0.2408868372440338,-0.2298889011144638,-0.036295242607593539,0.9963204264640808,-0.07764136791229248,-0.8837930560112,0.004263371229171753,0.46785861253738406,0.46646809577941897,0.08559991419315338,0.880386233329773],"Torso":[0,-0.3220101296901703,-0.7946164608001709,1,0,0,0,0.7209866642951965,-0.6929489374160767,0,0.6929489374160767,0.7209866642951965],"Right Leg":[3.9216551783738399e-8,-5.228873334317541e-8,0,0.9952474236488342,0.09737850725650788,0,-0.09737850725650788,0.9952474236488342,-0,-0,0,1],"Head":[0,-1.846900232749249e-8,-3.693800465498498e-8,1,-0,0,0,0.9316913485527039,0.3632509708404541,-0,-0.3632509708404541,0.9316913485527039]},"t":0.14467969999986964},{"p":{"Left Leg":[-0.7362278699874878,1.031752347946167,0,0.8014165759086609,0.5981065630912781,0,-0.5981065630912781,0.8014165759086609,-0,-0,0,1],"Right Arm":[0.6429849863052368,-0.27712011337280276,-0.22230210900306703,-0.19057029485702516,-0.9806445240974426,0.04493522644042969,0.8406817317008972,-0.13939322531223298,0.5232815742492676,-0.5068895816802979,0.13749812543392182,0.8509741425514221],"Left Arm":[-0.6477090120315552,-0.2478986531496048,-0.22298328578472138,-0.10647043585777283,0.9933426976203919,-0.04397985339164734,-0.8900737166404724,-0.07549932599067688,0.4495203495025635,0.443207323551178,0.08700592815876007,0.8921866416931152],"Torso":[0,-0.3144684433937073,-0.8250482082366943,1,0,0,0,0.6937289237976074,-0.7202361226081848,0,0.7202361226081848,0.6937289237976074],"Right Leg":[4.347403148585727e-8,-5.796537294600057e-8,0,0.9983959794044495,0.056616976857185367,0,-0.056616976857185367,0.9983959794044495,-0,-0,0,1],"Head":[0,-1.9430366648975906e-8,-3.886073329795181e-8,1,-0,0,0,0.9152882695198059,0.4027993679046631,-0,-0.4027993679046631,0.9152882695198059]},"t":0.16019199999982448},{"p":{"Left Leg":[-0.7323774099349976,1.066760540008545,0,0.8084551095962524,0.5885578393936157,0,-0.5885578393936157,0.8084551095962524,-0,-0,0,1],"Right Arm":[0.6755335330963135,-0.28170138597488406,-0.21713867783546449,-0.23854637145996095,-0.9709689617156982,0.017745807766914369,0.8397490978240967,-0.1970614641904831,0.5059527158737183,-0.48776739835739138,0.1355952024459839,0.8623786568641663],"Left Arm":[-0.6801478862762451,-0.25315749645233157,-0.21780407428741456,-0.15956032276153565,0.9869874119758606,-0.019910484552383424,-0.8904988169670105,-0.1351977437734604,0.43443459272384646,0.4260896146297455,0.08704881370067597,0.9004833698272705],"Torso":[0,-0.3088122010231018,-0.8478718996047974,1,0,0,0,0.6726061105728149,-0.7400006651878357,0,0.7400006651878357,0.6726061105728149],"Right Leg":[4.6667128827948548e-8,-6.222283843726473e-8,0,0.9996625185012817,0.02597876265645027,0,-0.02597876265645027,0.9996625185012817,-0,-0,0,1],"Head":[0,-2.0151389890088468e-8,-4.0302779780176937e-8,1,-0,0,0,0.9018829464912415,0.4319804608821869,-0,-0.4319804608821869,0.9018829464912415]},"t":0.17480139999997847},{"p":{"Left Leg":[-0.7259600162506104,1.125108003616333,0,0.8199326395988464,0.5724599957466126,0,-0.5724599957466126,0.8199326395988464,-0,-0,0,1],"Right Arm":[0.7297813892364502,-0.28933683037757876,-0.20853294432163239,-0.31875118613243105,-0.9475093483924866,-0.02497096359729767,0.8305055499076843,-0.2918925881385803,0.4744040071964264,-0.45679110288619997,0.13047829270362855,0.8799529075622559],"Left Arm":[-0.7342128753662109,-0.26192227005958559,-0.2091720551252365,-0.24822615087032319,0.9685386419296265,0.017795011401176454,-0.8830128908157349,-0.2337842732667923,0.40698063373565676,0.39833664894104006,0.08530999720096588,0.9132633209228516],"Torso":[0,-0.299385130405426,-0.8859115242958069,1,0,0,0,0.6361595988273621,-0.7715575098991394,0,0.7715575098991394,0.6361595988273621],"Right Leg":[5.1988976679240298e-8,-6.931863794079618e-8,0,0.9996843934059143,-0.02512204647064209,0,0.02512204647064209,0.9996843934059143,0,0,0,1],"Head":[0,-2.1353098844656416e-8,-4.270619768931283e-8,1,-0,0,0,0.8774808645248413,0.47961169481277468,-0,-0.47961169481277468,0.8774808645248413]},"t":0.19038060000002589},{"p":{"Left Leg":[-0.7221096158027649,1.160116195678711,0,0.8266655802726746,0.5626935362815857,0,-0.5626935362815857,0.8266655802726746,-0,-0,0,1],"Right Arm":[0.7623300552368164,-0.29391810297966006,-0.20336949825286866,-0.36666324734687807,-0.9290656447410584,-0.04894125461578369,0.8203580975532532,-0.34767770767211916,0.45401865243911745,-0.43882885575294497,0.1263226419687271,0.8896472454071045],"Left Arm":[-0.7666517496109009,-0.2671811282634735,-0.2039928436279297,-0.30115270614624026,0.9527826309204102,0.038889363408088687,-0.8736181259155273,-0.2920185625553131,0.3892512023448944,0.38222819566726687,0.08324956893920899,0.9203102588653565],"Torso":[0,-0.29372888803482058,-0.9087352752685547,1,0,0,0,0.6135764718055725,-0.7896353006362915,0,0.7896353006362915,0.6135764718055725],"Right Leg":[5.518207757404525e-8,-7.357610343206034e-8,0,0.9984440803527832,-0.05576164275407791,0,0.05576164275407791,0.9984440803527832,0,0,0,1],"Head":[0,-2.2074122085768978e-8,-4.4148244171537956e-8,1,-0,0,0,0.8616283535957336,0.5075397491455078,-0,-0.5075397491455078,0.8616283535957336]},"t":0.20472939999990559},{"p":{"Left Leg":[-0.7182592153549194,1.195124626159668,0,0.8332820534706116,0.5528481006622315,0,-0.5528481006622315,0.8332820534706116,-0,-0,0,1],"Right Arm":[0.7948786616325378,-0.29849937558174136,-0.1982060670852661,-0.41414928436279299,-0.9073885083198547,-0.07159940898418427,0.8067882657051086,-0.4023728668689728,0.43265312910079958,-0.42139410972595217,0.12141744792461395,0.8987129926681519],"Left Arm":[-0.7990906834602356,-0.27243998646736147,-0.19881363213062287,-0.353587806224823,0.933552622795105,0.058782145380973819,-0.8605779409408569,-0.3492884933948517,0.37067949771881106,0.3665807247161865,0.08048118650913239,0.9268990159034729],"Torso":[0,-0.2880726456642151,-0.9315590262413025,1,0,0,0,0.5904799103736877,-0.8070523142814636,0,0.8070523142814636,0.5904799103736877],"Right Leg":[5.837518202156389e-8,-7.783357602875185e-8,0,0.9962651133537293,-0.08634690940380097,0,0.08634690940380097,0.9962651133537293,0,0,0,1],"Head":[0,-2.279514532688154e-8,-4.559029065376308e-8,1,-0,0,0,0.8448868989944458,0.5349449515342712,-0,-0.5349449515342712,0.8448868989944458]},"t":0.21886750000021494},{"p":{"Left Leg":[-0.7131252884864807,1.2418023347854615,0,0.8419215083122253,0.5396000146865845,0,-0.5396000146865845,0.8419215083122253,-0,-0,0,1],"Right Arm":[0.8382768630981445,-0.30460771918296816,-0.1913214921951294,-0.47642338275909426,-0.8735464215278626,-0.09968680143356323,0.7834437489509583,-0.4732491970062256,0.40280407667160036,-0.39904478192329409,0.11380629241466522,0.9098414182662964],"Left Arm":[-0.8423426151275635,-0.27945178747177126,-0.19190801680088044,-0.42233651876449587,0.9025969505310059,0.083371102809906,-0.8375966548919678,-0.4237661361694336,0.3447524309158325,0.3465023636817932,0.07577021420001984,0.9349840879440308],"Torso":[0,-0.28053098917007449,-0.9619907140731812,1,0,0,0,0.5589197278022766,-0.829221785068512,0,0.829221785068512,0.5589197278022766],"Right Leg":[6.263265106554172e-8,-8.35102014207223e-8,0,0.9919031858444214,-0.12699641287326814,0,0.12699641287326814,0.9919031858444214,0,0,0,1],"Head":[0,-2.3756509648364955e-8,-4.751301929672991e-8,1,-0,0,0,0.821212649345398,0.5706223249435425,-0,-0.5706223249435425,0.821212649345398]},"t":0.23380690000021787},{"p":{"Left Leg":[-0.7092748880386353,1.276810646057129,0,0.8482630848884583,0.5295751094818115,0,-0.5295751094818115,0.8482630848884583,-0,-0,0,1],"Right Arm":[0.870825469493866,-0.30918899178504946,-0.18615806102752686,-0.5220685601234436,-0.8445460796356201,-0.11910636723041535,0.7620694637298584,-0.524608314037323,0.37952107191085818,-0.3830072283744812,0.10736866295337677,0.9174841642379761],"Left Arm":[-0.8747814893722534,-0.2847106456756592,-0.1867288202047348,-0.4727267622947693,0.8754801154136658,0.10031972825527191,-0.8162434697151184,-0.4779301881790161,0.32454490661621096,0.33207839727401736,0.07153575122356415,0.9405354857444763],"Torso":[0,-0.2748747169971466,-0.9848144054412842,1,0,0,0,0.5347011089324951,-0.8450412750244141,0,0.8450412750244141,0.5347011089324951],"Right Leg":[6.582575906577404e-8,-8.776767401741381e-8,0,0.9875432252883911,-0.15734809637069703,0,0.15734809637069703,0.9875432252883911,0,0,0,1],"Head":[0,-2.4477532889477517e-8,-4.895506577895503e-8,1,-0,0,0,0.8024662137031555,0.5966975092887878,-0,-0.5966975092887878,0.8024662137031555]},"t":0.24988459999985936},{"p":{"Left Leg":[-0.5534994006156921,1.1130727529525757,0.023568812757730485,0.8775147199630737,0.4708464443683624,0.09094829857349396,-0.47138938307762148,0.8817657828330994,-0.01676950231194496,-0.08809095621109009,-0.028156571090221406,0.9957144260406494],"Right Arm":[0.754939079284668,-0.27819982171058657,-0.13668231666088105,-0.42318010330200198,-0.9056079983711243,-0.0281544029712677,0.8265781998634338,-0.3986034393310547,0.3973459005355835,-0.37106209993362429,0.14487706124782563,0.917236864566803],"Left Arm":[-0.7765627503395081,-0.2724927067756653,-0.14057613909244538,-0.33605924248695376,0.9389998316764832,0.07309868186712265,-0.9049025177955627,-0.34342801570892336,0.2514130473136902,0.26118093729019167,0.01834247261285782,0.9651154279708862],"Torso":[-0.014837830327451229,-0.20111994445323945,-0.8684154748916626,0.991496205329895,0.11172112822532654,-0.06673652678728104,-0.121180459856987,0.6056687831878662,-0.7864354252815247,-0.04744122922420502,0.7878348231315613,0.6140566468238831],"Right Leg":[0.055505022406578067,0.049185726791620257,0.005904798395931721,0.9865118861198425,-0.1635359227657318,0.007088533602654934,0.16329768300056458,0.9862218499183655,0.026463797315955163,-0.011318656615912915,-0.02494930662214756,0.9996246099472046],"Head":[2.0696052871471694e-8,-4.0239449106138639e-8,6.687699283247639e-8,0.9951839447021484,-0.09552732110023499,-0.021987536922097207,0.0931757390499115,0.8521707653999329,0.5149012207984924,-0.03044999949634075,-0.5144701600074768,0.8569675087928772]},"t":0.26625749999993789},{"p":{"Left Leg":[-0.619854211807251,1.1859965324401856,-0.055910855531692508,0.925480306148529,0.3784501552581787,0.01617465540766716,-0.3787803053855896,0.9242148399353027,0.048500578850507739,0.003406201023608446,-0.051012974232435229,0.9986921548843384],"Right Arm":[0.6266624331474304,-0.11819584667682648,-0.07898847758769989,-0.4533661901950836,-0.8506726622581482,-0.266110897064209,0.7718716263771057,-0.5240016579627991,0.3600505590438843,-0.44572770595550539,-0.04216878116130829,0.8941745758056641],"Left Arm":[-0.5021340847015381,-0.25287026166915896,-0.22395934164524079,-0.07520341873168946,0.9849770069122315,0.1554497480392456,-0.9718244075775147,-0.10731896013021469,0.20985685288906098,0.22338688373565675,-0.13528792560100556,0.9652953743934631],"Torso":[-0.009532023221254349,-0.2564511001110077,-0.760945200920105,0.9990010261535645,-0.0440901480615139,-0.007276169955730438,0.02061067894101143,0.5990917682647705,-0.8004150390625,0.039649512618780139,0.799465537071228,0.5994020104408264],"Right Leg":[-0.025884345173835756,-0.059572383761405948,-0.08219092339277268,0.9808633327484131,-0.10578014701604843,-0.16345518827438355,0.09809645265340805,0.9936885237693787,-0.054408103227615359,0.16817885637283326,0.037332527339458469,0.985049307346344],"Head":[8.247377536463319e-8,3.28981855091115e-8,1.2871242915935e-7,0.9996665716171265,0.025814170017838479,-0.0006574369035661221,-0.022073285654187204,0.8674572110176086,0.49702188372612,0.01340050995349884,-0.4968416392803192,0.8677377700805664]},"t":0.280311200000142},{"p":{"Left Leg":[-0.670743465423584,1.2304785251617432,-0.1155206561088562,0.9496851563453674,0.3099481761455536,-0.045057475566864017,-0.3049382269382477,0.9478340148925781,0.0928618311882019,0.0714893713593483,-0.07444974780082703,0.9946590065956116],"Right Arm":[0.520961582660675,0.0031434250995516779,-0.03722408413887024,-0.44603848457336428,-0.7796886563301086,-0.43947160243988039,0.7344191670417786,-0.5994874835014343,0.31818756461143496,-0.511544942855835,-0.1808324158191681,0.840012788772583],"Left Arm":[-0.286851167678833,-0.23661959171295167,-0.2880074083805084,0.15949641168117524,0.9618918299674988,0.22209250926971436,-0.9733354449272156,0.1156553253531456,0.19809585809707642,0.16486060619354249,-0.24776607751846314,0.9546899795532227],"Torso":[-0.005552660673856735,-0.2995992600917816,-0.6736856698989868,0.9855830669403076,-0.16438071429729463,0.040061816573143008,0.13022105395793916,0.5858219861984253,-0.7999093532562256,0.1080205887556076,0.7935940027236939,0.5987820625305176],"Right Leg":[-0.08692643791437149,-0.14114104211330415,-0.14826276898384095,0.9529009461402893,-0.058930881321430209,-0.2975011467933655,0.027857176959514619,0.9938005208969116,-0.10763125121593476,0.30199962854385378,0.09427438676357269,0.9486351609230042],"Head":[1.2880710187346268e-7,8.796174455483197e-8,1.7550959796608368e-7,0.9928073883056641,0.11898164451122284,0.013300219550728798,-0.1110823005437851,0.8740167617797852,0.4730279743671417,0.04465702921152115,-0.47110310196876528,0.8809470534324646]},"t":0.2948089000001346},{"p":{"Left Leg":[-0.7400931119918823,1.2761735916137696,-0.19500033557415009,0.9660776257514954,0.22223211824893952,-0.13155554234981538,-0.20305387675762177,0.9684064388275147,0.14476922154426576,0.1595716029405594,-0.11314544081687927,0.9806808829307556],"Right Arm":[0.3673693537712097,0.16671060025691987,0.016453757882118226,-0.3938557803630829,-0.6527096629142761,-0.6471845507621765,0.6965275406837463,-0.6713661551475525,0.2532132565975189,-0.5997725129127502,-0.35105231404304507,0.7190516591072083],"Left Arm":[0.012807791121304036,-0.21290692687034608,-0.37541887164115908,0.4833133816719055,0.8214400410652161,0.30272823572158816,-0.8742809891700745,0.43504849076271059,0.21532657742500306,0.04517644643783569,-0.3687397539615631,0.9284342527389526],"Torso":[-0.00024685170501470566,-0.3593297004699707,-0.548463761806488,0.94038987159729,-0.3244454562664032,0.10198960453271866,0.27683785557746889,0.5560478568077087,-0.7836909890174866,0.1975538730621338,0.7652097344398499,0.6127206087112427],"Right Leg":[-0.1683158129453659,-0.24989914894104005,-0.23635847866535188,0.8795973062515259,0.0040622614324092869,-0.4757016599178314,-0.09105443954467774,0.9829132556915283,-0.15997079014778138,0.46692362427711489,0.1840246319770813,0.8649377226829529],"Head":[1.9058481370848313e-7,1.6166018212970813e-7,2.384666117904999e-7,0.9694958925247192,0.24368534982204438,0.02636684849858284,-0.2313646525144577,0.8743122816085815,0.4266713559627533,0.08092069625854492,-0.4197565019130707,0.9040223360061646]},"t":0.3099130000000514},{"p":{"Left Leg":[-0.8111541271209717,1.306309461593628,-0.27448007464408877,0.9649566411972046,0.14124590158462525,-0.22115202248096467,-0.10003365576267243,0.9771380424499512,0.18760210275650025,0.24259407818317414,-0.15890523791313172,0.9570251703262329],"Right Arm":[0.1993110477924347,0.3323139548301697,0.06783673912286759,-0.2974560856819153,-0.5019485354423523,-0.8121374845504761,0.6774367690086365,-0.7103697061538696,0.19092993438243867,-0.6727548837661743,-0.4933786392211914,0.5513418912887573],"Left Arm":[0.32688406109809878,-0.1868569701910019,-0.46513229608535769,0.7480062246322632,0.5614135265350342,0.35397952795028689,-0.6558763980865479,0.706892192363739,0.26481983065605166,-0.10155194997787476,-0.4302537143230438,0.8969776630401611],"Torso":[0.005058967508375645,-0.42157411575317385,-0.41309791803359988,0.8644040822982788,-0.47782328724861147,0.15649428963661195,0.41889092326164248,0.5122336149215698,-0.7497647404670715,0.2780934274196625,0.7136537432670593,0.642932653427124],"Right Leg":[-0.2497052550315857,-0.3586573600769043,-0.32445424795150759,0.765052080154419,0.06189662218093872,-0.6409868597984314,-0.2301490604877472,0.9559110999107361,-0.1823880523443222,0.6014372706413269,0.28705888986587527,0.7455672025680542],"Head":[2.52362553965213e-7,2.3567911000554887e-7,3.0206450674086229e-7,0.930333137512207,0.3654865026473999,0.029996592551469804,-0.3506689667701721,0.8627111911773682,0.36436328291893008,0.10729151964187622,-0.34949812293052676,0.9307736158370972]},"t":0.32624570000007227},{"p":{"Left Leg":[-0.8832084536552429,1.3153517246246338,-0.3463382124900818,0.9404441714286804,0.05426720157265663,-0.3355889618396759,0.016159657388925554,0.978924036026001,0.20358458161354066,0.3395640552043915,-0.1968829333782196,0.9197463989257813],"Right Arm":[0.0629006028175354,0.4667869806289673,0.0987979993224144,-0.14195847511291505,-0.3546370267868042,-0.9241647124290466,0.7291804552078247,-0.6688570976257324,0.14465835690498353,-0.6694353222846985,-0.653347373008728,0.35354429483413699],"Left Arm":[0.5721683502197266,-0.15189993381500245,-0.5381627678871155,0.889742910861969,0.2878302335739136,0.354275643825531,-0.406649112701416,0.8523801565170288,0.32876211404800417,-0.20734983682632447,-0.4365796446800232,0.8754451274871826],"Torso":[0.016457248479127885,-0.4807359576225281,-0.2936810553073883,0.751333475112915,-0.6260654926300049,0.20866228640079499,0.5681700706481934,0.45284804701805117,-0.6871036291122437,0.3356795907020569,0.634799599647522,0.6959515810012817],"Right Leg":[-0.3383309543132782,-0.4710291922092438,-0.39382487535476687,0.6579601168632507,0.0737779289484024,-0.7494300007820129,-0.32697272300720217,0.9244736433029175,-0.19605469703674317,0.6783637404441834,0.37403935194015505,0.6323901414871216],"Head":[2.8767871640411615e-7,3.0897854230715895e-7,2.770016749309434e-7,0.8705829381942749,0.4908914566040039,0.03332950547337532,-0.47470420598983767,0.8201984763145447,0.31926533579826357,0.12938782572746278,-0.29376861453056338,0.947079062461853]},"t":0.3396616999998514},{"p":{"Left Leg":[-0.9841932654380798,1.3681046962738038,-0.41808030009269717,0.8939813375473023,-0.027111023664474489,-0.4472833275794983,0.13272783160209657,0.9693973064422607,0.20652422308921815,0.4279961585998535,-0.2439957559108734,0.8702214360237122],"Right Arm":[-0.03374497592449188,0.5882402062416077,0.1224370226264,-0.056805431842803958,-0.16008880734443665,-0.9854668378829956,0.736045241355896,-0.6736085414886475,0.06699946522712708,-0.6745446920394898,-0.721542239189148,0.15609735250473023],"Left Arm":[0.7772837281227112,-0.13112829625606538,-0.618334949016571,0.9298169612884522,0.09891453385353089,0.3544802963733673,-0.24054300785064698,0.8923264145851135,0.38195887207984927,-0.27853086590766909,-0.44041958451271059,0.8534934520721436],"Torso":[0.02785552479326725,-0.5508009791374207,-0.21767491102218629,0.6192741394042969,-0.7404691576957703,0.26116102933883669,0.6820703148841858,0.3425595462322235,-0.6460906863212586,0.3889470100402832,0.5782373547554016,0.7171902656555176],"Right Leg":[-0.4269988238811493,-0.5818341374397278,-0.4631088674068451,0.5402827262878418,0.06979353725910187,-0.8385841250419617,-0.41713255643844607,0.8877087235450745,-0.19486796855926515,0.730817973613739,0.45508456230163576,0.5087268948554993],"Head":[3.234647465433227e-7,3.7971608435327655e-7,2.509434011699341e-7,0.7969565391540527,0.602717399597168,0.03990044444799423,-0.5845159292221069,0.7528594136238098,0.30256205797195437,0.15231996774673463,-0.264451265335083,0.952294111251831]},"t":0.35331970000015647},{"p":{"Left Leg":[-1.1228060722351075,1.5743200778961182,-0.47687819600105288,0.8684759736061096,0.04105003923177719,-0.49402880668640139,0.09397459775209427,0.964862585067749,0.24537506699562074,0.4867425560951233,-0.2595284879207611,0.8341023325920105],"Right Arm":[-0.029028773307800294,0.6691601276397705,0.1393512785434723,-0.15467703342437745,0.02488848567008972,-0.9876514077186585,0.5802947282791138,-0.8067775368690491,-0.11121098697185517,-0.7995828986167908,-0.5903307795524597,0.11034709215164185],"Left Arm":[0.9015464186668396,-0.14594051241874696,-0.7077450752258301,0.9183578491210938,0.05603581666946411,0.3917637765407562,-0.23674875497817994,0.8710430860519409,0.43038809299468996,-0.31712600588798525,-0.4879998564720154,0.8131957054138184],"Torso":[0.031834885478019717,-0.6294868588447571,-0.24869872629642487,0.5267140865325928,-0.7803353667259216,0.33711835741996767,0.7077919840812683,0.18297791481018067,-0.6823118329048157,0.47074684500694277,0.5979930758476257,0.6486921310424805],"Right Leg":[-0.4883364140987396,-0.6525490283966065,-0.5285744667053223,0.414068341255188,0.06961290538311005,-0.9075800776481628,-0.5022628903388977,0.8490151762962341,-0.16402822732925416,0.7591307759284973,0.5237626433372498,0.386514276266098],"Head":[3.7066638469696047e-7,4.172325134277344e-7,3.2782554626464846e-7,0.7378116250038147,0.6721515655517578,0.0620187371969223,-0.6486485004425049,0.6805775165557861,0.34068962931632998,0.18678653240203858,-0.29159310460090639,0.9381281137466431]},"t":0.3670529999999417},{"p":{"Left Leg":[-1.1228060722351075,1.5743200778961182,-0.47687819600105288,0.8684759736061096,0.04105003923177719,-0.49402880668640139,0.09397459775209427,0.964862585067749,0.24537506699562074,0.4867425560951233,-0.2595284879207611,0.8341023325920105],"Right Arm":[-0.029028773307800294,0.6691601276397705,0.1393512785434723,-0.15467703342437745,0.02488848567008972,-0.9876514077186585,0.5802947282791138,-0.8067775368690491,-0.11121098697185517,-0.7995828986167908,-0.5903307795524597,0.11034709215164185],"Left Arm":[0.9015464186668396,-0.14594051241874696,-0.7077450752258301,0.9183578491210938,0.05603581666946411,0.3917637765407562,-0.23674875497817994,0.8710430860519409,0.43038809299468996,-0.31712600588798525,-0.4879998564720154,0.8131957054138184],"Torso":[0.031834885478019717,-0.6294868588447571,-0.24869872629642487,0.5267140865325928,-0.7803353667259216,0.33711835741996767,0.7077919840812683,0.18297791481018067,-0.6823118329048157,0.47074684500694277,0.5979930758476257,0.6486921310424805],"Right Leg":[-0.4883364140987396,-0.6525490283966065,-0.5285744667053223,0.414068341255188,0.06961290538311005,-0.9075800776481628,-0.5022628903388977,0.8490151762962341,-0.16402822732925416,0.7591307759284973,0.5237626433372498,0.386514276266098],"Head":[3.7066638469696047e-7,4.172325134277344e-7,3.2782554626464846e-7,0.7378116250038147,0.6721515655517578,0.0620187371969223,-0.6486485004425049,0.6805775165557861,0.34068962931632998,0.18678653240203858,-0.29159310460090639,0.9381281137466431]},"t":0.38345140000001268},{"p":{"Left Leg":[-1.1228060722351075,1.5743200778961182,-0.47687819600105288,0.8684759736061096,0.04105003923177719,-0.49402880668640139,0.09397459775209427,0.964862585067749,0.24537506699562074,0.4867425560951233,-0.2595284879207611,0.8341023325920105],"Right Arm":[-0.029028773307800294,0.6691601276397705,0.1393512785434723,-0.15467703342437745,0.02488848567008972,-0.9876514077186585,0.5802947282791138,-0.8067775368690491,-0.11121098697185517,-0.7995828986167908,-0.5903307795524597,0.11034709215164185],"Left Arm":[0.9015464186668396,-0.14594051241874696,-0.7077450752258301,0.9183578491210938,0.05603581666946411,0.3917637765407562,-0.23674875497817994,0.8710430860519409,0.43038809299468996,-0.31712600588798525,-0.4879998564720154,0.8131957054138184],"Torso":[0.031834885478019717,-0.6294868588447571,-0.24869872629642487,0.5267140865325928,-0.7803353667259216,0.33711835741996767,0.7077919840812683,0.18297791481018067,-0.6823118329048157,0.47074684500694277,0.5979930758476257,0.6486921310424805],"Right Leg":[-0.4883364140987396,-0.6525490283966065,-0.5285744667053223,0.414068341255188,0.06961290538311005,-0.9075800776481628,-0.5022628903388977,0.8490151762962341,-0.16402822732925416,0.7591307759284973,0.5237626433372498,0.386514276266098],"Head":[3.7066638469696047e-7,4.172325134277344e-7,3.2782554626464846e-7,0.7378116250038147,0.6721515655517578,0.0620187371969223,-0.6486485004425049,0.6805775165557861,0.34068962931632998,0.18678653240203858,-0.29159310460090639,0.9381281137466431]},"t":0.3974142000001848},{"p":{"Left Leg":[-1.1228060722351075,1.5743200778961182,-0.47687819600105288,0.8684759736061096,0.04105003923177719,-0.49402880668640139,0.09397459775209427,0.964862585067749,0.24537506699562074,0.4867425560951233,-0.2595284879207611,0.8341023325920105],"Right Arm":[-0.029028773307800294,0.6691601276397705,0.1393512785434723,-0.15467703342437745,0.02488848567008972,-0.9876514077186585,0.5802947282791138,-0.8067775368690491,-0.11121098697185517,-0.7995828986167908,-0.5903307795524597,0.11034709215164185],"Left Arm":[0.9015464186668396,-0.14594051241874696,-0.7077450752258301,0.9183578491210938,0.05603581666946411,0.3917637765407562,-0.23674875497817994,0.8710430860519409,0.43038809299468996,-0.31712600588798525,-0.4879998564720154,0.8131957054138184],"Torso":[0.031834885478019717,-0.6294868588447571,-0.24869872629642487,0.5267140865325928,-0.7803353667259216,0.33711835741996767,0.7077919840812683,0.18297791481018067,-0.6823118329048157,0.47074684500694277,0.5979930758476257,0.6486921310424805],"Right Leg":[-0.4883364140987396,-0.6525490283966065,-0.5285744667053223,0.414068341255188,0.06961290538311005,-0.9075800776481628,-0.5022628903388977,0.8490151762962341,-0.16402822732925416,0.7591307759284973,0.5237626433372498,0.386514276266098],"Head":[3.7066638469696047e-7,4.172325134277344e-7,3.2782554626464846e-7,0.7378116250038147,0.6721515655517578,0.0620187371969223,-0.6486485004425049,0.6805775165557861,0.34068962931632998,0.18678653240203858,-0.29159310460090639,0.9381281137466431]},"t":0.41492120000020807},{"p":{"Left Leg":[-1.1228060722351075,1.5743200778961182,-0.47687819600105288,0.8684759736061096,0.04105003923177719,-0.49402880668640139,0.09397459775209427,0.964862585067749,0.24537506699562074,0.4867425560951233,-0.2595284879207611,0.8341023325920105],"Right Arm":[-0.029028773307800294,0.6691601276397705,0.1393512785434723,-0.15467703342437745,0.02488848567008972,-0.9876514077186585,0.5802947282791138,-0.8067775368690491,-0.11121098697185517,-0.7995828986167908,-0.5903307795524597,0.11034709215164185],"Left Arm":[0.9015464186668396,-0.14594051241874696,-0.7077450752258301,0.9183578491210938,0.05603581666946411,0.3917637765407562,-0.23674875497817994,0.8710430860519409,0.43038809299468996,-0.31712600588798525,-0.4879998564720154,0.8131957054138184],"Torso":[0.031834885478019717,-0.6294868588447571,-0.24869872629642487,0.5267140865325928,-0.7803353667259216,0.33711835741996767,0